80 1599 2000 3000
21 61 7371 
61 59 5184 
59 9 2701 
9 54 7803 
54 38 7779 
38 4 7869 
4 5 7198 
5 12 1899 
12 30 6939 
30 57 4499 
57 42 6911 
42 41 5684 
41 37 5830 
37 13 914 
13 33 5857 
33 20 6740 
20 48 7061 
48 29 7752 
29 70 7684 
70 10 4963 
10 58 3013 
58 51 4340 
51 47 6654 
47 44 6796 
44 19 8145 
19 43 6063 
43 56 7787 
56 50 3195 
50 6 1383 
6 31 6588 
31 40 100 
40 0 6847 
0 73 2083 
73 49 3722 
49 71 8362 
71 69 4711 
69 55 1042 
55 27 7065 
27 22 6186 
22 34 5183 
34 16 4116 
16 72 5719 
72 35 1456 
35 17 184 
17 45 1211 
45 28 7082 
28 39 7683 
39 26 4115 
26 62 421 
62 63 1897 
63 75 6650 
75 36 4559 
36 15 4046 
15 46 3933 
46 53 3112 
53 25 1038 
25 66 7383 
66 79 3344 
79 2 3781 
2 76 3617 
76 24 2707 
24 74 2001 
74 60 5608 
60 8 8225 
8 67 3449 
67 18 2414 
18 11 7137 
11 23 4768 
23 14 3420 
14 7 5739 
7 64 6948 
64 3 7971 
3 32 8176 
32 77 4518 
77 68 2172 
68 1 3590 
1 78 1431 
78 65 6263 
65 52 344 
52 21 2407 
21 59 6332 
21 38 3240 
21 4 4001 
21 12 6269 
21 57 1601 
21 37 4815 
21 33 8631 
21 29 3134 
21 58 4470 
21 47 7282 
21 43 8625 
21 56 6893 
21 50 7879 
21 31 5272 
21 40 8700 
21 49 1133 
21 71 6777 
21 69 1918 
21 55 4228 
21 34 5328 
21 45 6485 
21 28 8652 
21 39 8042 
21 26 5264 
21 36 328 
21 15 1280 
21 66 5518 
21 76 6694 
21 24 6757 
21 18 2214 
21 11 8221 
21 23 1443 
21 3 4608 
21 32 332 
21 77 4574 
21 65 5663 
61 9 527 
61 38 121 
61 4 3691 
61 5 8709 
61 12 8270 
61 57 2660 
61 42 3187 
61 33 1086 
61 20 5399 
61 10 789 
61 51 5117 
61 47 5531 
61 43 769 
61 56 363 
61 6 1629 
61 40 797 
61 73 4798 
61 49 4871 
61 27 653 
61 16 8790 
61 35 1696 
61 39 191 
61 26 8533 
61 62 8380 
61 63 3230 
61 36 1358 
61 53 2496 
61 66 7028 
61 8 4727 
61 18 1759 
61 23 8741 
61 14 4915 
61 7 8103 
61 64 4273 
61 68 2953 
61 1 8332 
59 54 8679 
59 38 4297 
59 4 4510 
59 33 2068 
59 20 4882 
59 48 3450 
59 70 177 
59 44 1961 
59 43 2637 
59 56 2589 
59 6 6635 
59 0 686 
59 49 6314 
59 69 7832 
59 55 5141 
59 34 8061 
59 16 898 
59 17 3315 
59 28 1291 
59 26 1956 
59 62 6092 
59 63 8498 
59 15 6580 
59 53 396 
59 25 6042 
59 2 1887 
59 76 401 
59 24 8578 
59 74 778 
59 67 2390 
59 18 1390 
59 23 6519 
59 7 1873 
59 3 3787 
59 65 6661 
59 52 2170 
9 38 2374 
9 5 2241 
9 12 482 
9 20 4110 
9 48 7750 
9 29 2090 
9 10 2328 
9 51 8326 
9 47 3485 
9 44 7792 
9 19 3828 
9 43 3286 
9 56 6437 
9 31 710 
9 40 1355 
9 49 3060 
9 69 2427 
9 55 1662 
9 27 7376 
9 22 6540 
9 34 7913 
9 16 1506 
9 17 1614 
9 28 1101 
9 26 4930 
9 15 7126 
9 46 1096 
9 25 4011 
9 66 5014 
9 2 5457 
9 76 621 
9 24 7961 
9 8 5335 
9 67 5021 
9 11 5848 
9 64 5747 
9 3 1373 
9 77 3854 
9 1 4406 
54 5 7850 
54 12 2161 
54 57 8120 
54 42 8785 
54 48 2670 
54 70 209 
54 58 6129 
54 47 159 
54 43 722 
54 50 4691 
54 6 1129 
54 40 1440 
54 71 384 
54 27 3706 
54 22 3467 
54 16 5307 
54 72 1885 
54 17 1714 
54 45 6854 
54 39 3823 
54 62 2863 
54 36 5606 
54 46 4325 
54 53 1824 
54 25 2416 
54 66 6033 
54 2 5572 
54 60 8184 
54 67 8139 
54 18 8443 
54 3 3396 
54 32 7436 
54 78 563 
38 5 6250 
38 37 6163 
38 20 7088 
38 70 2831 
38 10 502 
38 58 2296 
38 51 2699 
38 44 7673 
38 19 7125 
38 43 7668 
38 56 1013 
38 50 2434 
38 0 2866 
38 49 1860 
38 71 3999 
38 69 7621 
38 22 2387 
38 34 7912 
38 16 3261 
38 72 276 
38 35 7307 
38 45 8597 
38 39 6288 
38 26 3736 
38 62 4441 
38 63 8554 
38 75 5152 
38 66 3094 
38 74 4789 
38 60 7048 
38 11 2678 
38 32 7213 
38 68 8503 
38 78 4151 
38 65 4742 
38 52 3904 
4 30 5249 
4 57 3576 
4 42 7197 
4 41 8543 
4 13 838 
4 29 5039 
4 58 6958 
4 51 3068 
4 44 6509 
4 43 2025 
4 56 8168 
4 50 7526 
4 6 4190 
4 71 8612 
4 69 760 
4 55 2307 
4 27 5586 
4 22 3611 
4 34 7368 
4 72 2184 
4 35 6537 
4 17 2716 
4 45 7252 
4 28 6048 
4 62 8301 
4 63 7985 
4 75 4114 
4 36 2229 
4 15 968 
4 46 806 
4 53 6114 
4 66 8407 
4 24 5112 
4 8 2291 
4 23 8367 
4 14 5061 
4 64 8083 
4 3 5577 
4 77 5960 
4 68 2477 
4 78 5756 
4 52 1442 
5 30 3670 
5 41 8481 
5 13 4659 
5 29 279 
5 51 1084 
5 44 6565 
5 19 5469 
5 43 6787 
5 50 4255 
5 31 2657 
5 0 1915 
5 73 6991 
5 49 3623 
5 71 8726 
5 69 574 
5 27 4261 
5 22 6918 
5 16 916 
5 17 4057 
5 45 4724 
5 28 1607 
5 39 5514 
5 75 2395 
5 46 223 
5 66 6677 
5 2 4207 
5 74 2360 
5 8 5302 
5 67 4591 
5 18 7588 
5 11 3414 
5 23 7182 
5 64 948 
5 3 3859 
5 77 1763 
5 68 7600 
5 1 5351 
5 65 3329 
12 57 5077 
12 42 1159 
12 41 3092 
12 70 3055 
12 44 3020 
12 19 5237 
12 56 4700 
12 50 3310 
12 6 5886 
12 31 2379 
12 40 6952 
12 73 7046 
12 71 6151 
12 16 7926 
12 72 6172 
12 17 4141 
12 45 2203 
12 28 6150 
12 26 7580 
12 62 2600 
12 63 5355 
12 75 3962 
12 36 1093 
12 15 7037 
12 46 6977 
12 53 6864 
12 79 5088 
12 2 5029 
12 24 139 
12 74 461 
12 8 1594 
12 18 6749 
12 14 3412 
12 3 2404 
12 78 8532 
12 52 821 
30 41 6158 
30 37 7352 
30 33 465 
30 48 3439 
30 10 1511 
30 58 8279 
30 19 6982 
30 50 6617 
30 31 619 
30 40 3762 
30 73 1705 
30 55 925 
30 27 7922 
30 34 4763 
30 17 1947 
30 28 990 
30 39 7859 
30 62 8797 
30 36 5567 
30 15 3430 
30 46 3876 
30 53 5126 
30 25 410 
30 2 2579 
30 76 243 
30 24 1316 
30 74 4558 
30 60 7010 
30 8 3369 
30 67 7943 
30 7 2484 
30 64 5925 
30 3 2963 
30 32 3359 
30 77 1324 
30 68 4838 
30 78 376 
57 33 291 
57 20 5865 
57 29 7830 
57 58 4088 
57 47 5844 
57 44 3697 
57 43 4682 
57 56 4910 
57 31 2298 
57 0 5894 
57 73 1946 
57 69 5068 
57 55 5558 
57 27 8302 
57 22 8241 
57 34 1422 
57 16 7868 
57 72 5599 
57 17 322 
57 45 2285 
57 28 745 
57 39 4572 
57 26 7334 
57 62 4835 
57 75 5899 
57 36 8191 
57 15 3327 
57 53 5670 
57 25 7977 
57 66 2144 
57 79 578 
57 2 4650 
57 76 8660 
57 74 4570 
57 67 8616 
57 18 2616 
57 11 471 
57 23 8212 
57 14 2940 
57 7 6366 
57 32 7115 
57 1 7953 
57 78 7326 
42 37 2663 
42 20 8104 
42 48 4371 
42 29 4184 
42 58 8794 
42 44 3376 
42 19 413 
42 43 5795 
42 6 4561 
42 31 4668 
42 0 3309 
42 73 5102 
42 49 6428 
42 22 3936 
42 16 2059 
42 17 3078 
42 45 7593 
42 39 4637 
42 63 2646 
42 75 1049 
42 46 2728 
42 25 2924 
42 66 6873 
42 2 8091 
42 74 8014 
42 60 2796 
42 18 3254 
42 11 4392 
42 23 4097 
42 14 609 
42 3 6344 
42 77 6291 
42 1 8240 
42 78 5953 
42 52 3858 
41 33 2907 
41 20 2813 
41 48 3165 
41 29 535 
41 51 4664 
41 47 3407 
41 19 6349 
41 50 5241 
41 40 8109 
41 0 6659 
41 73 8609 
41 49 5434 
41 71 4212 
41 27 5404 
41 17 3941 
41 45 5837 
41 28 3998 
41 26 1837 
41 63 5542 
41 79 5192 
41 76 3213 
41 67 5770 
41 18 4536 
41 11 1781 
41 23 2586 
41 7 3143 
41 32 1800 
41 77 4125 
41 1 4267 
41 78 6110 
37 48 3924 
37 29 2844 
37 70 4177 
37 58 4933 
37 43 217 
37 31 2033 
37 40 3481 
37 0 1236 
37 73 4351 
37 69 4134 
37 22 476 
37 34 521 
37 16 2848 
37 72 6611 
37 45 2181 
37 28 7455 
37 26 7640 
37 62 1742 
37 63 2366 
37 79 6914 
37 2 2352 
37 8 8032 
37 67 1715 
37 18 449 
37 11 8806 
37 7 6970 
37 3 1486 
37 68 7231 
37 78 1661 
13 29 738 
13 70 6420 
13 10 1525 
13 58 3337 
13 51 844 
13 43 5852 
13 56 1473 
13 6 7697 
13 49 1543 
13 27 8245 
13 22 6133 
13 34 1757 
13 39 4528 
13 26 5283 
13 75 696 
13 36 3277 
13 53 1573 
13 24 4983 
13 60 6523 
13 8 6002 
13 14 415 
13 3 2764 
13 32 8165 
13 77 4222 
13 1 2748 
13 65 3660 
33 70 6739 
33 44 4721 
33 43 6943 
33 56 6675 
33 6 436 
33 31 4861 
33 40 3646 
33 0 498 
33 73 1568 
33 49 1463 
33 71 8125 
33 69 5885 
33 55 3522 
33 27 7555 
33 34 1861 
33 72 4312 
33 35 786 
33 17 314 
33 39 3117 
33 63 183 
33 75 7393 
33 36 881 
33 25 7018 
33 79 3058 
33 24 8322 
33 11 3038 
33 23 7840 
33 3 3804 
33 77 507 
33 1 4294 
33 78 5502 
33 52 2695 
20 70 8804 
20 10 7689 
20 44 939 
20 19 2777 
20 50 6641 
20 6 2470 
20 40 1877 
20 0 1330 
20 73 4178 
20 49 8129 
20 71 3010 
20 69 5990 
20 55 5441 
20 27 2327 
20 22 7791 
20 34 1102 
20 72 6441 
20 15 6296 
20 53 7224 
20 2 7463 
20 24 1380 
20 74 4831 
20 11 3506 
20 64 6024 
20 1 7714 
20 78 8062 
48 70 317 
48 47 1064 
48 44 2281 
48 19 2455 
48 43 872 
48 6 5758 
48 31 1675 
48 40 7327 
48 0 6816 
48 49 3497 
48 34 8585 
48 16 5937 
48 39 1497 
48 63 8028 
48 15 5576 
48 25 1226 
48 79 8777 
48 2 1387 
48 24 3016 
48 74 6450 
48 8 4421 
48 67 2446 
48 11 1767 
48 7 7609 
48 32 6009 
48 77 513 
48 68 1857 
48 65 1081 
29 10 6833 
29 47 6547 
29 19 4810 
29 43 5324 
29 50 2016 
29 6 1143 
29 40 6397 
29 0 2250 
29 69 511 
29 22 6454 
29 34 6202 
29 45 8793 
29 26 876 
29 75 5454 
29 36 3601 
29 15 3103 
29 25 3780 
29 2 2546 
29 76 2994 
29 24 1524 
29 74 1322 
29 60 4398 
29 18 2125 
29 23 4653 
29 14 1478 
29 7 6899 
29 64 448 
29 68 1415 
29 78 648 
70 19 1190 
70 50 4133 
70 0 2102 
70 49 255 
70 27 544 
70 22 4880 
70 34 2160 
70 16 933 
70 45 8558 
70 28 2253 
70 26 5911 
70 62 6407 
70 15 5482 
70 46 3161 
70 53 5904 
70 66 2238 
70 76 2109 
70 74 7491 
70 60 2737 
70 8 718 
70 14 5165 
70 7 6135 
70 32 5880 
70 78 4389 
70 65 4009 
10 51 570 
10 47 5449 
10 44 3561 
10 19 1255 
10 43 2799 
10 31 5255 
10 40 5535 
10 55 8099 
10 34 1969 
10 16 8018 
10 72 8686 
10 28 1174 
10 46 4033 
10 53 955 
10 79 700 
10 2 5821 
10 76 7658 
10 24 6357 
10 8 2745 
10 23 1153 
10 14 3751 
10 7 4751 
10 3 6824 
10 1 5809 
10 78 1192 
58 43 6567 
58 56 7178 
58 6 8754 
58 31 6374 
58 40 7173 
58 73 2040 
58 69 1113 
58 55 8703 
58 22 232 
58 35 4378 
58 17 1348 
58 28 1399 
58 39 1344 
58 26 5651 
58 63 8093 
58 75 8614 
58 15 3600 
58 53 7000 
58 25 4225 
58 66 6625 
58 79 5580 
58 2 4588 
58 24 8307 
58 74 1376 
58 8 3049 
58 18 4066 
58 11 8540 
58 23 2466 
58 7 6929 
58 3 1847 
58 32 5214 
58 77 8213 
58 1 2528 
51 44 8117 
51 19 7409 
51 56 454 
51 50 515 
51 40 8201 
51 73 6666 
51 49 630 
51 35 1700 
51 17 6556 
51 45 1987 
51 28 4951 
51 26 3786 
51 63 1789 
51 36 8749 
51 15 3034 
51 46 1891 
51 53 8321 
51 66 1534 
51 76 3269 
51 24 7163 
51 60 610 
51 8 2551 
51 18 7155 
51 11 1022 
51 14 5492 
51 7 3248 
51 3 7206 
51 32 8348 
51 77 386 
51 68 439 
51 1 7584 
51 78 4161 
51 65 4891 
47 19 3245 
47 43 858 
47 56 6359 
47 50 4291 
47 40 2152 
47 0 4024 
47 49 3029 
47 71 988 
47 27 6510 
47 22 5440 
47 34 7287 
47 72 4755 
47 45 6718 
47 26 131 
47 75 994 
47 46 5317 
47 53 455 
47 66 2968 
47 2 272 
47 74 8012 
47 60 2755 
47 18 1181 
47 23 5301 
47 14 2174 
47 64 4941 
47 32 2685 
47 77 6527 
47 68 7396 
47 52 3968 
44 56 1756 
44 50 4427 
44 31 1492 
44 40 7148 
44 73 7147 
44 71 7032 
44 69 755 
44 55 7720 
44 27 4822 
44 22 3789 
44 34 7512 
44 16 2892 
44 72 6297 
44 39 7385 
44 62 569 
44 46 8489 
44 53 3887 
44 25 7734 
44 79 727 
44 2 1962 
44 76 1035 
44 60 6501 
44 67 5777 
44 7 4501 
44 64 5920 
44 3 5796 
44 77 6242 
44 78 1718 
44 65 4956 
19 56 5814 
19 0 3512 
19 73 5133 
19 49 1109 
19 71 5001 
19 55 1266 
19 27 4071 
19 34 3128 
19 72 284 
19 35 2087 
19 17 4171 
19 39 4384 
19 26 7317 
19 36 7740 
19 15 7055 
19 46 3477 
19 53 8809 
19 79 3176 
19 76 2263 
19 24 3653 
19 74 2521 
19 60 3988 
19 8 2793 
19 18 4334 
19 11 8440 
19 7 1923 
19 3 4460 
43 6 5146 
43 40 1906 
43 0 3222 
43 49 6817 
43 69 8499 
43 55 3037 
43 27 8057 
43 34 7263 
43 35 4440 
43 39 4329 
43 26 1002 
43 63 3004 
43 36 5970 
43 25 7444 
43 2 4322 
43 76 2928 
43 74 4445 
43 8 3000 
43 67 4303 
43 11 712 
43 23 3631 
43 14 7272 
43 7 1103 
43 3 3263 
43 32 676 
43 1 5552 
43 78 7501 
43 65 8335 
43 52 6459 
56 6 5520 
56 0 2153 
56 73 2836 
56 49 3427 
56 55 6072 
56 27 1931 
56 16 6685 
56 17 2602 
56 28 5199 
56 26 6273 
56 62 1270 
56 63 6827 
56 15 6335 
56 79 6281 
56 60 6905 
56 18 3732 
56 14 7234 
56 7 8048 
56 77 4163 
56 52 4281 
50 73 2581 
50 49 323 
50 71 6771 
50 27 5689 
50 22 3766 
50 17 1799 
50 45 3333 
50 28 6192 
50 15 7703 
50 2 3975 
50 76 6382 
50 67 5615 
50 11 4584 
50 23 3118 
50 14 8522 
50 3 3097 
50 68 557 
50 1 2320 
50 78 7339 
50 65 6259 
50 52 900 
6 40 1452 
6 73 4080 
6 69 443 
6 55 8458 
6 27 175 
6 35 3713 
6 45 7706 
6 39 3351 
6 26 2063 
6 63 6099 
6 36 7405 
6 53 4712 
6 25 2992 
6 24 8079 
6 14 888 
6 64 6662 
6 3 1883 
6 32 7775 
6 77 2889 
6 1 977 
6 52 7329 
31 73 1751 
31 49 8371 
31 69 8393 
31 55 5658 
31 27 3386 
31 22 153 
31 16 7391 
31 72 3835 
31 39 2345 
31 26 2620 
31 62 772 
31 63 4449 
31 46 1747 
31 25 8694 
31 79 4489 
31 60 3179 
31 67 3639 
31 11 5634 
31 23 4436 
31 64 5596 
31 1 304 
31 65 6702 
31 52 5009 
40 73 6691 
40 71 537 
40 69 3814 
40 55 6814 
40 16 3083 
40 28 5799 
40 26 1623 
40 63 1310 
40 15 1830 
40 46 4361 
40 25 2480 
40 79 6137 
40 2 5281 
40 76 5343 
40 60 2117 
40 18 5700 
40 11 849 
40 14 8471 
40 7 1365 
40 32 633 
40 77 1863 
40 1 6007 
40 52 298 
0 71 733 
0 27 7325 
0 22 5705 
0 34 5803 
0 72 7361 
0 28 3952 
0 62 3599 
0 75 5359 
0 15 2559 
0 53 5595 
0 25 1646 
0 24 7302 
0 8 5418 
0 67 4415 
0 11 2957 
0 3 2628 
0 32 6106 
0 77 2164 
0 68 1774 
0 1 6305 
0 78 106 
73 55 7820 
73 16 8649 
73 35 4607 
73 17 1499 
73 45 7887 
73 75 7801 
73 15 8464 
73 46 646 
73 25 1815 
73 66 6921 
73 79 166 
73 2 7908 
73 74 1137 
73 8 8590 
73 67 1394 
73 32 8512 
73 1 7986 
49 69 6076 
49 72 5827 
49 35 2788 
49 45 5173 
49 39 1356 
49 63 8354 
49 75 5016 
49 15 4783 
49 46 3746 
49 76 6465 
49 74 5051 
49 60 1335 
49 18 1673 
49 14 6006 
49 7 6181 
49 64 4598 
49 3 8261 
49 32 5981 
49 77 5085 
49 65 4680 
49 52 6842 
71 55 7239 
71 27 6427 
71 22 4444 
71 34 3405 
71 16 6837 
71 72 1560 
71 39 6041 
71 26 2077 
71 15 5763 
71 46 3882 
71 25 4597 
71 79 906 
71 76 1451 
71 74 8154 
71 18 3459 
71 7 4618 
71 64 4183 
71 32 6473 
71 68 4230 
71 1 8462 
69 22 2194 
69 16 7760 
69 17 6411 
69 45 5836 
69 39 484 
69 26 102 
69 62 4953 
69 36 2571 
69 15 6482 
69 46 4977 
69 24 6097 
69 74 8449 
69 18 4818 
69 11 3711 
69 14 3583 
69 1 3024 
55 22 6203 
55 34 3979 
55 16 3539 
55 35 3869 
55 17 2580 
55 45 4674 
55 28 2548 
55 39 2537 
55 26 5858 
55 63 5710 
55 75 2513 
55 36 7130 
55 46 3588 
55 53 6495 
55 25 5466 
55 66 1219 
55 2 3967 
55 74 1031 
55 18 697 
55 11 1072 
55 14 8451 
55 68 1686 
55 65 7482 
27 35 7898 
27 45 248 
27 26 1695 
27 62 6543 
27 63 2006 
27 75 2645 
27 36 1412 
27 15 6219 
27 46 6234 
27 25 1602 
27 67 4844 
27 18 2898 
27 11 1878 
27 23 6144 
27 7 3760 
27 64 4348 
27 32 5367 
27 77 5687 
27 1 3870 
27 78 1587 
27 65 8769 
27 52 7494 
22 16 6723 
22 26 1269 
22 62 2467 
22 63 110 
22 15 5104 
22 25 5707 
22 2 2230 
22 24 8234 
22 74 1063 
22 60 240 
22 11 5498 
22 23 1372 
22 3 5292 
22 32 3205 
22 77 7726 
22 68 8417 
22 65 8666 
22 52 3894 
34 17 6761 
34 28 602 
34 26 5875 
34 63 4247 
34 75 8636 
34 36 3820 
34 46 8437 
34 53 3126 
34 60 7011 
34 11 8289 
34 23 7162 
34 7 5098 
34 64 1225 
34 3 4627 
34 32 2135 
34 1 1379 
34 65 8584 
16 45 5647 
16 28 571 
16 26 7353 
16 63 205 
16 36 1669 
16 15 7813 
16 46 342 
16 25 6969 
16 74 8101 
16 60 6889 
16 18 4550 
16 23 8051 
16 7 2874 
16 64 424 
16 3 6717 
16 77 3305 
16 68 5384 
16 1 7054 
16 65 8675 
72 45 7570 
72 63 3320 
72 36 5730 
72 15 666 
72 53 7619 
72 66 5940 
72 79 7772 
72 24 6225 
72 8 2651 
72 23 1928 
72 14 5789 
72 64 2790 
72 3 2099 
72 68 2478 
72 1 3957 
72 78 3807 
72 65 2219 
72 52 3302 
35 45 4967 
35 39 4052 
35 62 2880 
35 36 1976 
35 15 5513 
35 53 4479 
35 25 8338 
35 79 1684 
35 2 8311 
35 24 5411 
35 8 6464 
35 67 8000 
35 18 961 
35 64 2204 
35 77 1731 
35 68 2592 
35 1 6953 
35 52 7427 
17 62 5040 
17 63 1200 
17 15 7259 
17 53 4992 
17 25 7150 
17 79 4015 
17 2 2231 
17 24 4101 
17 74 2643 
17 8 5643 
17 67 4970 
17 18 5254 
17 14 7618 
17 7 7487 
17 64 1459 
17 68 2749 
17 65 1805 
17 52 7536 
45 26 1007 
45 62 4774 
45 63 7105 
45 79 1737 
45 74 5604 
45 60 2689 
45 8 5721 
45 67 517 
45 23 4266 
45 7 2822 
45 64 7954 
45 32 6823 
45 77 1949 
45 68 2718 
28 62 6429 
28 63 2517 
28 75 1655 
28 36 1189 
28 46 1420 
28 25 1638 
28 66 7410 
28 24 2934 
28 60 2367 
28 23 3151 
28 14 1516 
28 64 8441 
28 3 1245 
28 32 427 
28 68 353 
28 1 5393 
28 52 4720 
39 63 2539 
39 75 2369 
39 46 8559 
39 79 301 
39 2 723 
39 18 586 
39 7 1980 
39 64 2232 
39 32 7509 
39 77 7392 
39 78 1168 
39 65 5320 
39 52 3219 
26 75 677 
26 36 2456 
26 46 7315 
26 53 6594 
26 66 5523 
26 79 3837 
26 2 1403 
26 67 6015 
26 18 3484 
26 11 4921 
26 23 2978 
26 3 5376 
26 77 7432 
26 68 5049 
26 1 5193 
26 78 5330 
62 15 2069 
62 46 408 
62 25 4037 
62 66 5578 
62 79 6710 
62 76 3048 
62 60 196 
62 11 6124 
62 23 4704 
62 64 5111 
62 3 6090 
62 32 1668 
62 77 3690 
62 68 5585 
62 65 5679 
62 52 4794 
63 15 654 
63 53 1723 
63 25 6331 
63 79 3551 
63 76 8734 
63 18 6861 
63 23 8525 
63 14 4238 
63 7 6736 
63 3 8162 
63 77 7541 
63 68 3911 
63 52 8009 
75 15 1231 
75 25 8427 
75 79 6000 
75 2 6577 
75 74 1706 
75 60 1942 
75 18 8641 
75 11 302 
75 23 5568 
75 14 3886 
75 3 4575 
75 32 8569 
75 77 4955 
75 68 5620 
75 1 6294 
36 46 5391 
36 66 3547 
36 79 4405 
36 2 2401 
36 76 6082 
36 24 2771 
36 74 2423 
36 60 8814 
36 8 8717 
36 67 7098 
36 11 814 
36 23 1842 
36 7 3950 
36 3 7420 
36 65 5142 
36 52 2917 
15 25 5206 
15 2 1533 
15 76 6653 
15 24 7189 
15 60 7991 
15 8 7979 
15 67 1289 
15 11 1262 
15 7 7179 
15 68 5780 
15 78 1436 
15 52 862 
46 2 6602 
46 76 138 
46 60 3169 
46 67 113 
46 11 1900 
46 23 3568 
46 14 6057 
46 3 4640 
46 32 8078 
46 77 5412 
46 68 263 
46 1 5223 
46 78 1055 
46 65 6209 
46 52 7247 
53 76 7828 
53 74 4061 
53 8 5228 
53 67 6882 
53 23 4802 
53 64 1551 
53 3 6935 
53 32 8036 
53 68 2313 
25 76 4199 
25 11 7649 
25 23 3846 
25 14 5512 
25 64 5162 
25 32 8262 
25 1 7626 
25 65 6804 
66 2 1960 
66 24 7522 
66 8 1994 
66 23 4657 
66 7 8397 
66 77 3810 
66 68 5474 
66 65 4919 
79 60 7786 
79 8 5949 
79 18 4042 
79 7 2271 
79 77 8604 
79 68 1795 
79 1 841 
79 78 1121 
79 65 2452 
2 74 6727 
2 60 2143 
2 67 7214 
2 11 6322 
2 23 7473 
2 3 7737 
2 32 595 
2 1 7841 
2 78 5425 
2 65 2945 
76 74 6773 
76 11 8070 
76 14 2538 
76 7 3109 
76 3 1689 
76 68 3920 
76 78 1910 
76 65 2302 
76 52 657 
24 18 1205 
24 11 3495 
24 14 5621 
24 7 5934 
24 3 2585 
24 78 1608 
74 18 982 
74 11 1577 
74 14 6968 
74 64 3047 
74 32 2504 
74 68 8251 
74 65 8150 
60 18 8642 
60 11 8759 
60 7 548 
60 64 245 
60 3 7606 
60 32 2050 
60 1 7768 
60 52 3698 
8 11 7805 
8 23 8384 
8 14 4859 
8 3 1790 
8 32 2488 
8 1 446 
8 78 5627 
8 52 3296 
67 23 3680 
67 14 6285 
67 64 4541 
67 3 368 
67 68 5571 
67 1 5975 
67 78 4853 
67 65 2561 
67 52 3797 
18 23 148 
18 14 99 
18 7 3775 
18 64 7565 
18 77 5699 
18 68 2858 
18 1 2336 
18 65 7074 
18 52 8203 
11 7 1917 
11 3 4456 
11 32 7349 
11 78 6388 
11 65 8182 
23 64 6626 
23 3 4055 
23 32 7889 
23 68 7297 
23 1 7960 
23 78 647 
23 52 8274 
14 32 5285 
14 77 831 
14 68 2986 
14 1 2611 
14 52 4901 
7 3 4676 
7 32 7933 
7 1 2808 
7 78 7531 
7 52 4732 
64 32 636 
64 77 1300 
64 68 7449 
64 1 1803 
64 65 2347 
64 52 991 
3 77 6631 
3 68 7630 
3 1 145 
3 65 2782 
3 52 8544 
32 1 1933 
32 78 3529 
77 1 2444 
77 52 7551 
68 78 488 
68 65 2894 
