20 189 200 700
4 16 877 
16 12 677 
12 0 310 
0 3 943 
3 9 563 
9 18 1031 
18 14 468 
14 2 975 
2 13 526 
13 15 174 
15 19 717 
19 7 764 
7 1 742 
1 6 451 
6 17 769 
17 11 186 
11 8 634 
8 5 777 
5 10 1099 
10 4 203 
4 12 515 
4 0 490 
4 3 352 
4 9 326 
4 18 440 
4 14 738 
4 2 339 
4 13 577 
4 15 731 
4 19 128 
4 7 1022 
4 1 894 
4 6 399 
4 17 681 
4 11 364 
4 8 951 
4 5 235 
16 0 971 
16 3 524 
16 9 756 
16 18 450 
16 14 996 
16 2 386 
16 13 206 
16 15 285 
16 19 505 
16 7 1079 
16 1 474 
16 6 883 
16 11 378 
16 8 695 
16 5 254 
16 10 733 
12 3 616 
12 9 1123 
12 18 624 
12 14 293 
12 2 436 
12 13 1086 
12 15 667 
12 19 245 
12 7 549 
12 1 584 
12 6 688 
12 17 604 
12 11 290 
12 8 367 
12 5 852 
12 10 216 
0 9 415 
0 18 100 
0 14 919 
0 2 346 
0 13 572 
0 15 271 
0 19 725 
0 7 409 
0 1 670 
0 6 682 
0 17 531 
0 11 546 
0 8 574 
0 5 802 
0 10 214 
3 18 330 
3 14 665 
3 2 357 
3 13 754 
3 15 679 
3 19 1045 
3 7 178 
3 1 751 
3 6 423 
3 17 157 
3 11 596 
3 8 266 
3 5 137 
3 10 703 
9 14 706 
9 2 1039 
9 13 1055 
9 15 1066 
9 19 962 
9 7 836 
9 1 509 
9 6 656 
9 17 166 
9 11 1091 
9 8 147 
9 5 227 
9 10 359 
18 2 257 
18 13 375 
18 15 959 
18 19 281 
18 7 891 
18 1 1089 
18 6 363 
18 17 988 
18 11 460 
18 8 1083 
18 5 1073 
18 10 872 
14 13 538 
14 15 925 
14 19 613 
14 7 496 
14 1 111 
14 6 711 
14 17 789 
14 11 758 
14 8 848 
14 5 940 
14 10 904 
2 15 513 
2 19 1012 
2 7 873 
2 1 857 
2 6 1108 
2 17 612 
2 11 791 
2 8 103 
2 5 325 
2 10 806 
13 19 821 
13 7 373 
13 1 651 
13 6 429 
13 17 799 
13 11 492 
13 8 467 
13 5 866 
13 10 483 
15 7 1010 
15 1 296 
15 6 1115 
15 17 641 
15 11 1003 
15 8 217 
15 5 414 
15 10 196 
19 1 431 
19 6 224 
19 17 786 
19 11 874 
19 8 828 
19 5 985 
19 10 839 
7 6 589 
7 17 99 
7 11 396 
7 8 295 
7 5 762 
7 10 119 
1 17 317 
1 11 623 
1 8 935 
1 5 242 
1 10 694 
6 11 372 
6 8 1061 
6 5 587 
6 10 911 
17 8 197 
17 5 1042 
17 10 814 
11 5 903 
11 10 301 
8 10 402 
