40 467 1000 1500
14 11 1159 
11 32 1349 
32 38 1984 
38 23 1070 
23 16 527 
16 10 623 
10 3 347 
3 0 1323 
0 33 1128 
33 19 2035 
19 20 2573 
20 24 882 
24 17 793 
17 1 1509 
1 39 821 
39 37 296 
37 15 1933 
15 29 2207 
29 36 123 
36 4 2675 
4 28 517 
28 26 289 
26 31 386 
31 7 1972 
7 30 1766 
30 18 100 
18 5 2198 
5 34 1845 
34 35 1438 
35 2 2735 
2 22 1686 
22 12 1527 
12 8 1262 
8 6 1886 
6 25 1256 
25 21 1912 
21 13 902 
13 27 919 
27 9 987 
9 14 705 
14 32 2096 
14 38 508 
14 23 1697 
14 16 448 
14 10 2718 
14 0 644 
14 33 2588 
14 17 1076 
14 37 1629 
14 15 2118 
14 36 2604 
14 28 1662 
14 26 190 
14 31 321 
14 2 1426 
14 22 1767 
14 12 2057 
14 8 1759 
14 6 1021 
14 25 1973 
14 21 812 
14 27 1528 
11 38 1782 
11 16 463 
11 10 490 
11 33 693 
11 19 1587 
11 24 941 
11 17 2791 
11 39 945 
11 36 769 
11 4 972 
11 26 1701 
11 31 555 
11 7 1264 
11 30 1298 
11 34 2282 
11 35 2660 
11 2 1497 
11 22 384 
11 12 613 
11 8 1423 
11 6 1598 
11 13 982 
11 27 174 
11 9 1610 
32 16 1694 
32 10 838 
32 3 457 
32 0 862 
32 33 1029 
32 19 151 
32 24 547 
32 17 1116 
32 1 1835 
32 39 343 
32 15 2367 
32 4 2426 
32 28 1572 
32 30 781 
32 5 1307 
32 35 269 
32 12 1410 
32 8 848 
32 6 1312 
32 21 2763 
32 13 2128 
32 27 1781 
38 10 2202 
38 3 2027 
38 17 420 
38 1 1553 
38 39 1500 
38 37 2189 
38 15 1421 
38 18 1182 
38 34 2011 
38 35 2412 
38 12 2247 
38 8 2277 
38 25 2376 
38 21 140 
38 13 1522 
38 9 2291 
23 10 1812 
23 3 2527 
23 19 1560 
23 20 1035 
23 24 2370 
23 17 1414 
23 1 2308 
23 39 2437 
23 37 2593 
23 28 2267 
23 26 944 
23 31 1924 
23 7 1153 
23 30 1226 
23 18 685 
23 5 1569 
23 34 1340 
23 2 1962 
23 22 2514 
23 6 2274 
23 25 2385 
23 21 668 
23 13 754 
23 27 2363 
23 9 2725 
16 33 2699 
16 19 824 
16 20 946 
16 17 290 
16 1 2567 
16 15 288 
16 31 2811 
16 7 1510 
16 18 348 
16 2 2421 
16 8 222 
16 21 1274 
16 13 339 
16 27 2087 
16 9 1052 
10 0 1983 
10 20 125 
10 24 856 
10 15 2589 
10 29 196 
10 36 2469 
10 4 1209 
10 28 1906 
10 26 2533 
10 7 2313 
10 30 2779 
10 5 2264 
10 34 2407 
10 35 751 
10 2 1512 
10 25 121 
10 21 1914 
10 9 2297 
3 33 2505 
3 20 2163 
3 39 1478 
3 26 99 
3 31 1942 
3 30 2773 
3 18 745 
3 5 894 
3 34 259 
3 35 1993 
3 2 648 
3 22 2145 
3 12 918 
3 6 1850 
3 25 279 
3 21 1805 
3 13 740 
3 9 637 
0 20 903 
0 24 529 
0 17 2745 
0 37 834 
0 15 1088 
0 29 2111 
0 36 1347 
0 4 358 
0 28 1773 
0 26 2060 
0 31 277 
0 7 989 
0 30 2045 
0 18 1104 
0 5 1166 
0 12 1393 
0 8 1607 
0 6 2473 
0 25 1748 
33 20 1876 
33 17 1401 
33 28 2734 
33 26 1202 
33 30 1704 
33 18 1406 
33 35 124 
33 2 1365 
33 8 411 
33 25 782 
33 13 2114 
33 27 798 
33 9 1536 
19 24 141 
19 1 1484 
19 39 2583 
19 15 1622 
19 36 1545 
19 4 567 
19 28 2187 
19 7 1063 
19 30 132 
19 18 430 
19 34 1786 
19 35 1772 
19 22 2195 
19 12 1455 
19 8 249 
19 25 939 
19 13 1093 
20 17 1201 
20 1 806 
20 37 2817 
20 28 1838 
20 26 1032 
20 31 801 
20 5 1988 
20 8 2255 
20 6 2545 
20 13 1137 
20 9 2708 
24 1 1121 
24 39 2555 
24 37 2375 
24 29 2230 
24 4 2692 
24 26 206 
24 31 1333 
24 7 2650 
24 30 1702 
24 18 1650 
24 5 1046 
24 34 1283 
24 22 2616 
24 12 1989 
24 25 1155 
24 21 109 
24 13 2646 
24 27 242 
17 29 1321 
17 36 1945 
17 28 2479 
17 26 333 
17 31 2327 
17 7 1775 
17 2 680 
17 22 2002 
17 8 373 
17 6 414 
17 25 1865 
1 29 1880 
1 36 1581 
1 28 2629 
1 31 1288 
1 18 787 
1 5 1658 
1 35 183 
1 22 2809 
1 12 2171 
1 6 2304 
1 21 695 
1 9 1431 
39 15 2503 
39 4 1145 
39 28 1397 
39 26 2273 
39 31 742 
39 7 480 
39 18 1469 
39 5 1005 
39 35 891 
39 22 2517 
39 8 2741 
39 6 305 
39 25 589 
39 21 841 
39 9 1726 
37 29 2456 
37 36 119 
37 4 1597 
37 28 2462 
37 31 405 
37 7 1045 
37 30 1776 
37 18 2025 
37 22 1231 
37 8 586 
37 9 2392 
15 4 910 
15 28 931 
15 26 896 
15 31 1909 
15 18 1863 
15 34 1638 
15 35 395 
15 2 714 
15 22 1242 
15 12 658 
15 6 1215 
15 25 2800 
15 21 995 
15 13 964 
15 9 399 
29 7 678 
29 30 1172 
29 18 2611 
29 5 2028 
29 35 311 
29 22 2488 
29 12 1390 
29 8 314 
29 6 2239 
29 13 565 
29 27 1896 
29 9 599 
36 28 2681 
36 26 2097 
36 31 2623 
36 7 731 
36 35 2318 
36 12 1220 
36 8 2188 
36 6 1829 
36 25 365 
36 27 1754 
36 9 789 
4 26 723 
4 31 656 
4 7 1237 
4 30 491 
4 5 2105 
4 35 389 
4 2 2730 
4 22 2789 
4 12 921 
4 8 983 
4 6 499 
4 21 1905 
4 27 630 
4 9 771 
28 31 2704 
28 7 576 
28 30 331 
28 18 1853 
28 5 1732 
28 34 2751 
28 35 439 
28 2 2213 
28 6 169 
28 25 472 
28 21 375 
28 9 159 
26 7 1611 
26 30 1238 
26 18 1113 
26 5 2595 
26 34 603 
26 35 1716 
26 25 2047 
26 21 2400 
26 13 2496 
26 27 1954 
31 30 1250 
31 5 2359 
31 34 1371 
31 22 1056 
31 12 1820 
31 8 1668 
31 6 2508 
31 25 1491 
31 27 1731 
31 9 2689 
7 5 1355 
7 34 872 
7 22 2630 
7 8 1381 
7 6 1979 
30 34 2627 
30 2 2441 
30 8 2559 
30 6 1796 
30 21 954 
30 13 357 
30 27 2640 
18 34 1015 
18 35 219 
18 8 2154 
18 6 1462 
18 25 2417 
18 13 2351 
18 27 525 
18 9 232 
5 35 2754 
5 2 2016 
5 22 303 
5 8 1642 
5 25 2293 
5 27 273 
5 9 1192 
34 12 2670 
34 25 1676 
34 21 168 
34 13 757 
35 8 2077 
35 25 1085 
35 13 2178 
2 12 2149 
2 8 1446 
2 13 2070 
22 25 1784 
22 21 2450 
22 13 1695 
22 27 2342 
22 9 2135 
12 6 539 
12 25 392 
12 21 1614 
12 13 1095 
8 25 211 
8 13 2223 
6 21 501 
6 13 2337 
6 27 1707 
6 9 1738 
25 9 2542 
21 27 2434 
21 9 765 
13 9 1872 
