5000 5100
901
757
630
443
256
544
849
602
453
628
579
598
30
853
55
508
654
613
577
316
809
116
835
659
426
66
669
728
631
729
63
177
570
156
559
87
733
789
386
897
875
811
357
642
797
104
64
611
675
318
972
877
463
781
840
308
767
656
405
160
423
523
263
642
70
163
854
615
155
782
589
369
159
15
626
739
455
774
316
89
687
864
836
418
40
768
661
344
959
608
534
369
186
813
699
875
244
985
341
868
622
852
534
7
553
810
268
339
40
674
437
995
844
209
198
572
999
245
570
255
187
616
466
159
475
184
14
802
348
120
658
344
10
261
932
895
270
1
878
313
813
696
975
12
413
509
98
389
699
283
206
358
753
245
381
339
954
992
842
555
500
662
150
903
401
553
703
391
671
27
829
391
932
69
564
958
18
230
540
298
188
803
572
625
184
319
211
705
283
478
557
70
132
434
610
146
715
744
652
277
640
306
77
440
933
992
339
809
86
77
775
858
541
711
253
427
39
187
304
912
586
511
244
66
223
105
464
109
388
4
283037
200
20
839
89
904
434
22
406
626
299
246
699
9
203
252
34
949
874
589
693
642
788
45
243
906
815
706
641
288
306
521
94
426
554
578
583
472
716
294
841
189
571
877
870
166
855
78
928
238
123
408
992
169
929
784
927
979
958
730
537
469
870
906
542
390
763
509
659
507
942
279
410
866
275
889
509
802
419
701
932
486
746
666
725
770
235
851
825
609
123
444
720
412
997
708
105
364
925
451
306
613
629
156
328
715
890
152
514
272
532
830
315
121
70
821
691
356
150
985
86
325
318
546
890
376
719
828
926
107
524
112
867
150
570
552
612
570
550
195
482
833
41
303
630
976
957
38
439
375
536
89
90
632
736
477
933
5
877
213
524
247
409
190
94
295
305
671
875
517
505
55
280
59
169
959
668
209
946
361
259
425
796
552
429
978
198
965
923
415
923
467
7
96
566
143
712
285
199
626
834
208
117
311
481
955
750
48
243
802
826
875
380
859
6
439
303
383
44
376
133
971
306
583
873
373
61
397
982
301
551
714
228
817
55
133
525
954
950
785
823
544
842
913
40
742
107
922
410
119
410
271
814
815
223
958
264
586
887
171
31
518
853
915
768
227
481
499
740
914
274
206
340
878
550
318
575
846
611
687
286
181
909
164
636
991
766
439
734
674
281
159
217
901
367
63
977
582
74
374
150
473
349
102
977
281
198
561
300
210
608
655
280
59
59
985
83
595
121
469
18
466
546
305
84
273
332
377
216
631
486
283
333
452
818
338
513
396
628
557
990
31
386
240
504
798
343
407
47
168
79
213030
657
276
718
857
356
617
927
386
547
683
84
291
868
25
367
59
983
71
886
317
967
601
31
820
618
702
25
901
103
201
127
750
172
532
273
926
591
615
811
27
691
358
617
687
915
299
909
169
783
357
577
854
873
408
545
668
104
428
771
244
719
411
485
85
441
381
411
935
987
996
85
69
941
285
162
978
417
714
324
966
657
70
719
992
576
978
115
249
298
734
519
755
601
356
629
570
693
794
704
494
512
794
292
201
526
426
423
440
304
189
19
286732
570
124
208
603
683
977
39
586
116
864
802
616
527
359
831
211
277
324
785
410
349
317
50
219
442
209
90
863
469
543
619
661
145
369
696
41
781
228
913
580
708
127
604
526
973
476
647
576
768
425
360
671
677
413
465
611
915
121
857
19
532
212
313
58
476
796
144
523
577
175
477
260
760
234
978
641
330
100
900
903
253
2
609300
880
853
928
382
670
863
243
616
468
885
430
708
785
925
431
131
866
631
83
580
626
866
350
886
713
50
458
184
157
211
907
670
221
793
720
272
433
283
102
631
910
966
256
143
926
97
743
483
172
291
615189
976
481
517
370
183
500
78
384
118
922
26
418
105
129
374
895
189
58
309
307
100
494
767
366
837
267
82
867
289
217
298
52
536
969
305
837
554
397
791
670
137
415
175
902
132
536
425
694
126
715
319
894
195
403
994
750
26
45
243
245
935
805
714
496
872
71
642
97
641
296
385
374
166
389
363
628
547
717
818
256
602
427
958
476
636
803
104
862
117
656
29
871
494
178
498
186
934
696
621
889
568
207
215
498
425
586
279
846
981
33
545
82
81
454
378
382
1
250
565
13
6
697
360
423
269
351
857
265
859
799
423
233
687
553
907
271
575
300
384
883
563
382
407
292777
608
220
183
757
174
880
204
328
224
182
28
288
46
848
178
339
761
679
817
67
272
361
843
771
363
961
274
256
936
270
79
869
320
650
900
980
834
797
731
951
468
406
264
509
2
659
574
240
955
701
801
532
747
698
47290
863
300
426083
699
254
150
748
903
121
704
432
732
532
936
494
879
404
948
597
769
363
754
567
425
678
30
128
448
9
80
765
385
600
296
315
308
990
186594
734
335
558
490
386
490
745
986
101
843
157
226
62009
778
182
813
894
747
22
952
210
2
932
513
988
307
418
580
452
96
688
718
57
833
747
977
902
32
61
615
97
62
570
849
970
829
597
257
623
834
643
629
794
734
670
219
987
867
786
956
505968
486
291
212
258
701
633
435
832
833
900
429
273
901
128
624
650
905
503
561
658
28
985
416
588
793
734
338
758
467
4
583613
183
877
540
685
892
527
871
587
321
425
278
751
107
800
398
584
871
582
490
394
650
209
329
693
650
407
27
679
426
491
929
887
282
948
634
139
517
437
745
810
138
756
441
656
433
709
573
514
674
63
985
64
336
395
228
562
993
317
961
4
415
635
551
184
606
353
441
728
802
716
409
618
437
584
692
242
233
301
632
72
610
83
336
378
332
297
333
532
117
635
412
588
121
825
187
41
939
47
523
578
885
546
414
861
801
748
233
892
51
49
537
514
148
843
463
221
935
167
619
150
163
756
603
99
576
626
870
345
297
298478
930
463
682
905
895
329
841
923
194
30
642
156
34
267
169
649
965
829
604
595
610
860
102
56
529
488
797
592
367
175
659
365
516
542
712
185402
654
997
182
798
256
622
610
554
486
432
957
832
464
170
154
897
640
467
949
827311
217
376
218
658
486
138
439
121
889
686
497
191
479
261
611
388
721
428
222
486
427
970
944
765
412
429
958
485
196
461
704
281
512
752
374
332
899
700
54
652
810
973
229
963
558
535
796
304
176
103
567
215
779
990
296
555
732
375
264
731
323
424
893
386
424032
37
645
193
223
407
987
954
359
647
993
822
545
677
525
374
430
314
461
581
144
374
724
273
837
60
130
29
129
720
786
808
713
636
742
178
863
827
136
670
105
345
101
293
747
262
947
14
97
644
726
111
307
440
797
303
33
264
322
364
415
587
995
785
240
682
866
656
377
799
690
797
526
630
99
726
162
904
620
5
836
282
910
585
19
544
620
851
540
257
75
569
778
779
70
118
879
76
926
505
944
393
370
10
777
166
788
699
383
665
465
297
946
730
560
44
51
406
925
216
206
62
31
187
255
648
178
885
294
443
942
117
671
694
119
27
274
709
530
712
435
526
225
210
103
351
245
405
808
491
136
254
641
451
743
365
878
600
480
173
63
635
17
427
863
33
324
426
958
247
197
529
776
673
335
782
668
89
311
189
630
96
343
797
685
942
947
14
142
358
296
568
480
445
888
752
616
627
192
357
242
880
240
646
572
276
467
965
130
845
404
94
245
764
392
148
842
575
898
238
857
570
908
610
920
321
525
644
975
869
161
865
750
256
739
686
799
136
32
406
808
411
769
779
56
171
366
584
396
5
925
565
566
427
395
95
432
791
331
975
790
309
458
317
662
127
438
36
74
712
904
746
938
144
189
913
122
487
724
860
826
390
218
723
357
527
641
900
612
525
253
388
815
814
387
213
936
860
70
749
39
986
675
131
536
100
7
825
238
729
575
50
891
533
597
603
474
11
478
426
664
57
764
643
231
808
337
353
904
450
849
122
921
593
70
37
796
818
289
52
998
317
438
881
267
924
682
570
622
392
105
884
441
902
425
591
442
495
723
390
951
11
109
989
722
91
957
55
380
237
460
585
286
422
139
477
85
454
32
87
941
66
880
608
490
779
320
263
637
984
948
92
777
121
354
687
534
848
603
367
310
536
734
299
752
959
279
768
605
686
97
799
290
936
807
174
849
77
879
788
686
613
757
778
648
796
503
636
948
602
682
982
787
765
539
657
513
104
882
364
445
990
920
533
858
633
344
934
162
320
666
435
520
486
113
682
930
917
107
747
497
751
607
344
155
655
873
868
801
526
764
599
622
473
704
40
342
154
663
910
24
650
595
519
247
250
106
410
987
741
603
284
819
357
331
412
532
223
371
188
635
372
175
775
462
443
256
553
166
563
632
904
602
221
754
843
791
803
424
357
846
267
733422
578
407
872
452
655
466
772
98
503
479
447
224
975
350
683
537
477
157
833
442
649046
716
640
456
417
548
380
138
363
309
111
903
910
921
532
927
968
39
279
709
205
668
828
475
973
535
627
175
949478
548
999
466
533
555
177
854
161
891
304
95
485
209
27
573
96
151
982
454
933
690
467
392
616
638
784
698
913
891
244
238
576
498
945
826
734
311
455
428
203
690
213
769
713
863
771
553
532
432
611
319
7
43
482
235
670
564
495
649
760
677
895
595
904
986
577
404
742
240
427
218
734
138
502
241
314
191
778
474
779
8
949
369
361
987
791
456
444
814
502
302
925
664
533
670
65
674
179
594
333
776
393
75
298
685
395
592
90
495
624
339
894
173
269
86
950
16
767
855
159
239
17
967
287
440
11
621
302
534
60
224
413
957
10
590
767
690
342
758
194
570
622
444
687
337
556
841
24
196
797
12
834
481
595
277
308
371
944
599
458
706
681
205
446
968
357
716
733
483
246
499
8
427
543
220
455
443
926
207
126
394
37
121
875
604
802
496
273
783
991
209
900
745
96
251
697
107
85
643
758
291
508
696
97
362
592
586
554
631
956
480
703
718
155
995
848
707
78
215
582
472
817
369
589
816
164
660
129
360
727
899
808
770
394583
626
940
527
805
564
501
962
960
392
289
920
45
669
944
174
679
497
295
82
91
324
613
827
967
61
314
125
312
914
983
283
377
804
54
412
764
709
154
399
504
306
528
759
975
382
53
468
358
996
469
609
144
382
418
590
285
966
907
264
135
306
31
819
299
601
381
906
57
898
995
821
75
328
500
212
241
285
776
302
724
740
656
711
340
299
27
864
608
342
874
590
383
627
219697
685
105
632
522
579
105
985
786
455
90
933
249
832
48
544
567
487
679
126703
372
659
694
397
392
648
871
341
983
69
82
892
358
854
715
36
398
47
332
849
421
543
651
381
620
594
661
473
119
404
469
533
909
238
516
941
704
683
522
213
251
104
943
784
826
984
510
685
452
563
926
641
789
543
834
752
422
631
812
689
607
165
455
59
398
196
134
67
811
216
561
973
128
337512
654
951
48
678
102
169
829
653
174
82
814
335
118
479
335
96
390
457
632
28
803
239
358
956
330
418
538
937
491
67
577
134
551
717
826
337
188
621
474
593
200
783
886
391
842
757
937
613
138
589
534
600
279
107
323
915
413
754
911
830
608
49
36
96
969
172
126
472
114
403
510
121
798
472
89
927
437
435
563
848
244
848
382
833
447
537
285
295
7
849
953
885
445
151
776
273
112
75
840
848
328
342
244
146
987
292
318
61
181
632
644
512
864
622
776
155
64
377
614
509
496
371
135
231
744
940
38
829
701
744
708
922
396
681
674
335
346
562
590
241
523
974
546
562
136
371
987
698
575
812
389
874
561
767
717
759
482
578
351
259595
597
223
690
771
587
536
453
174
634
723
263
903
340
141
873
778
609
854
944
539
528
331
487
225
48
752
230
201
929
604
513
122
795
800
29
323
515
598
283
117
767
518
231
660
609
123
113
662
441
952
694
770
346
572
978
124
967
261
15
541
28
615
833
751
517
604
508
155
777
37
706466
887
214
82
310
744
56
591
837
250
787
839
633
825
627
300
674
864
352
600
238
399
130
451
631
33
499
269
600
852
759
254
716
306
289
119
19
879
281
487
691
112
184
472
934
300
672
507
15
165
695
459
511
720
772
129
224
182
513
150
282
217
333
36
613
586
554
566
690
67
761
419
307
535
15
474
337
614
569
355
244
780
810
295
787
638
940
494
412
935
313
896
268
72
812
222
31
627
792
654
748
526
616
962
862
415
689
924
4
243
658
247
759
613
480
625
303
990
773
882
801
788
330
766
583
967
818
726
465
464
770
983
607
950
213
274
850
229
249
880
908
344
157
854
395
391
126
489
962
261
363
608
295
672
569
830
418
197
723
758
524
100233
78152
324
142
601
288
961
807
23
788
361
416
450640
533
896
748
710
261
992
408058
887
742
633
196
242498
387
465
893
834
258
105
333
902
791
435
712
477
702
21
293
130
790
888
957
478
326
94
505
685
813
613
20
962
450
74
824
803
532
641
336
799
161
174
423
145
66
603
488
844
990
980
174
111
172
193
533
273
233
711
532
225
552
199
846
627
195
957
396
806
825
948
291
574
54
370
910
355
160
110
540
491
898
634
735
671
316
964
654
19
190
66
304395
614
84
542
42
963
982
679
285
854
125
710
173
111
847
810
42
731
665
692
882
380
892
221616
214
29
214
690
273
386
488
523349
908
94
223
136
825
774
439
340
832
216
370
11
75
789
275
211
479
253
862
112
813
432
180
479
696
990
985
822
609
666
459
51
926
565
705
197
424
38
489
80
67
357
424
480
98
223
324
370
65
709
424
334
686
785
950
821
174
131
705
157
218
360
265
218
638
898
980
192
424
745
262
778
424
288
201
359
68
144
738
198
289
894
350
733
148
345
393
807
655
886
299
879
786
285
589
905
745
188
926663
258
715
575
64
334
609
933
94
716
235
844
51
107
301
221
1
43
355
352
318
509
145
772
141
180
60
923
394
687
669
223
417
373
935
983
339
863
627
858
72
683
782
235
736
902
989
416
6
828
23
863
567
593
530
956
946
725
103
269
364
614
437
832
540
929
149
434
73
228
442
945
728
601
510
457
542
33
641
45
385
54
524
810
697
304
218
937
158
413
774
227
951
600
132
90
144
453
104
433
217
441
998114
265
341
239
623727
438
419158
902
988
992
855
753
371
422
364
341
950
342
900
270
608
68
390
425
636
5
482
198
633
82
962
665
522
223
436
947
435
819
85
937
688
207
388
978
334
314
38
744
569
269
230
887
81
194
131
797
175
473
883
863
786
858
521
560
452
680
872
322
993
301
78
257
661
981
159
891
721
914
366
93
924
418
464
239
787
969
863
771
991
308
365
993
362
909
842
291
422
805
47
58
892
8
399
553
688
966
895
429
740
80
729
824
35
604
504
273
637
89
504
82
638
87
230
901
963
992
503
753
808
975
802
68
14
811
774
516
835
343
877
473
487
135
130
926
744
793
145
411
664
149
225
468
793
738
525
613
860
401
838
321
336
853
125
3
399
167
377
405
64
935
347
188
232
13
877
910
333
704
267
29
756
589
807
966
987
669
590
210
794
827
504
21
297
74
842
695
654
388
536
921
951
616
260
252
218
35025
869
528
92
142
302
873
122
715
778
820
11
964
592
861
16
212
514
905
644
993
684
158
969
26
810
611
149
727642
244
228
752
34
578
717
726
43
935
255
662
372
957
963
840
976
591
635
977
805
734
496
597
530
52
746
670
126
349
810
730
314
154
434
264
599
29
298
807
961
955
675
583
383
246
305
57
759
249
903
26
539
18
467
252
892
726
137
405
165
419
11
912
400
72
882
615
794
130
379
878
193
84
639
162
822
119
935
569
296
705
501
299
434
162
699
925
471472
262
572
502
313
831593
505
906
283
865
705
813
407
339
4
63
892
214
613
54
52
575
290
745
531
138
585
73
851
59
998
768
165
245
165
457
182
899
944
98
428
147
359
538
780
836
644
41
647
104
200
420
471
771
218
499
112
781
721
68
279
764
151
136
181
432
286
804
892
148
821
497
164
107
235
167
65
382
669
28
374
571
396
156
145
714
272
512
217
852
475
66
112
847
690
462
827
940
172
592
937
297
743
793
88
830
504
693
848037
702
374
943
152
293
923
257
475
292
847
873
904
732
710
38
672
144
103
44
410
183
907
175
853
970
360
992
833
909
247
512173
27
211
911
554
625
55
825
226
364
892
606
64
449
472
34
390
307
294
945
200
947
503
558
398
714
150
116
18
347
271
375
508
427
185
20
399
736
366
568
186
351
378
381
482
141
334
130
52
505
623
257
988
633
184
148
201
257
5
85
790067
372
862
787
731
71
22
736
825
347
228
545
7
505
45
942
325
429
28
126
253
459
908
550
643
353
965
284
207
247
160
428
354
975
107
669
462
44
216
237
460
108
348
436
139
666
551
194
948
437
49
402
366
647
270
842
183
658
72
555
521
805
592
962
823
105
131
910
726
841
852
502
357
552
913
867
883
220
780
791
365
148
796
777
740
338
786
896
209
557
418
822
152
997
780
179
54
714
587
376
961
896
185
626
107
342
501
296
311
125
396
227
612
196
952
702
40
321
515
102
35
362
480
431
574
509
986
988
610
350
208
97
565
57
786
933
11
78
203
431
569
347
416
770
475
480
464
57
699
112
917
920
864
803
336
424
634
509
453
722
108
438
34
486
154
285
964
280
688
560
456
243
267
669
595
867
101
650
734
334
685
36
326
733
54
205
768
675
64
333
875
990
657
855
709
466
762
187
472
579
232
408
934
554
841
594
431
851
242
743
71
871
940
73
66
680
954
961
272
740
325
195749
108
948
604
656
359
455
782
396
814
826
586
680
660
610
376
542
729
318
476
285
531
568
328
486
887
308
685
233
948
831
162
602
437
790
434
121
973
936
318
202
188
293
732
57
41
80
390
649
53
287
470
232
490
715
270
650
949
164
340
907
962
887
685
926
409
123
586
919
347
607
199
489
785
133
745
421
390
783
84
138
855
907
576
397
513
497
292
112
49
612
42
38
952
69
358
463
764
392
311
812
665
421
547
223
169569
843
370
149
826425
994
460
969
503
602
399
505
994
326
291
409
533
640
374
813
281
92
800
963
806
983
959
842
731
384
418
302
861
977
76
289
259
14
478
11
235
412
258
122
215
667
662
29
823
575
49
901
487
857
127
590
123
21
692
661
458
208
82
806
782
488
305
563
999
168
60
309
446
686
619
251
775
574
746
342
961
498
849
879
416
90
104
41
725
556
900
997
373
767
896
646
279
835
984
62
621
244
922
784
903
543
969
394
886
34
884
695
217
881
538
345
680
369
439
610
672
597
822
684
188
261
915
686
295
113
280
467
651
109
435
613
811
99
964
266
734
3
707
361
587
54
550
236
885
605
643
195
537
155
193
936
21
202
628
700
663
496
98
470
758
731
716
139
701
451
120
147
254
158
571
772
730
247
537
627
832
574
89
775
432
967
700
301
778
111
681
605
763
964
294
981
480
760
293
634
733
720
668
214
228
765
407
302
46
934
391
523
750
372
881
613
490
336
427
192
922
414
774
14
584
998
407
824
800
755
140
786
485
404
649
539
483
469
335299
291
404
28
591
966
294
340
851
139
583
190
776
283
201
349
250
561
597
865
943
300
777
79
46
263
167
701
979
151
540
466
380
269
486
950
786
42
76
954
99
375
641
905
989
791
371
857
51
30
432
172
660
633
623
214
919
48
753
727
601
446
274
162
711
557
98
407
665
281
691
917
694
462
815
515
768
2
227
645
828
891
498
783
609
561
110
349
409
615
603
682
181
790
676
516
475
269
171
427
562
681
462
103
958
768
141
833
464
571
294
918
934
306
201
308
587
184
883
117
378
388
777
172
581
704
283
743
117
218
267
510
897
366
593
840
82
536
420
704
948
976
462
979
455
379
710
780
647
869
28
254
826
591
297
818
94
313
610
341
133
845
177
682
620
950
907
606
220
157
842
73
910
830
997
494
852
481
673
550
149
451
581
320
337
50
411
939
720
541
59
439
931
970
979
801
654
528
91
74
792
128
496
979
449
453
751
701
340
135
528
756
21
57
860
3
153
34
222
678
545
870
904
923
459
751
791
654
726
733
871
716
839
100
708
656
263
646
476
761
10
870
722
136
818
727
538
916
530
404
742
693
378
587
124
155
175
992
899
382
125
430
268
703
460
710
567
190
334
793
730
32
309
729
65
725
557
856
286
615
573
372
223
812
382
834
440
58
599
779
987
469
291
162
406
120
694
26
19
290
775
573
69
184
693
389
183
967
371
42
349
205
661
288
473
383
56
417
34
535
271
856
6
685
581
445
587
293
345
670
244
209
480
758
546
807
7
423
675
784
540
831
678
592
318
873
623
763
436
356
617
662
95
757
156
517
79
538
736
631
260
612
179
804
798
111
949
720
685
830
798
391
210
124
419
149
932
666
30
575
480
196
8
273
505
251
760
250
24
652
68
262
916
773
561
174
830
227
148
228
507
391
655
190
209
502
496
132
661
912
64
447
737
469
722
144
158
231
486
820
304
501
913
88
287
457
921
615
732
439
300
571
729
38
987
913
450
513
209
564
752
376
657
420
448
423
525
985
795
406
295
499125
103
281
652
854
847
583
182
275
224
313
692
992
721
88
81
501
856
797
916
71
835
480
329
628
495
846
310
609
371
774
491
157
6
665
360
923
328
411
63
41
276
252
145
989
295
572
290
53
851
993
455
918
157
630
530
905
52
303
858
207
207
419
685
554
473
602
206
143
490
501
571
770
208
528
874
116
274
364
989
935
625
790
53
97
828
298
148
846
716
779
821
930
603
599
862
743
672
227
645
243
577
131
802
750
601
60
424
688
575
445
718
441
497
833
7
667
294
180
800
460
928
64
1
366
480
756
699
788
369
911
391
841
524
412
49
824
632
999
857
249
581
598
551
794
300334
89
375
10
9
544
107
521
810
330
368
47
393
243
189
603
731
282
774
247
761
485
255
751
158
111
925
385
691
991
36
401
960
673
41
944
441
80
469
381
34
805
547
99
186
374
277
734
731517
79
740
407
570
887
452
574
127
342
712
226
189
22
722
987
476
413
614
408
56
213
465
939
148
957
527
181
596
138
719
742
665
897
198
463
507
528
723
441
119
259
530
320
787
498
420
489
255
602
283
193
678
452
772
323
649
655
785
705
634
560
392
466
933
922
605
420
955
592
14
886
303
542
537
283
760
186
431
26
653
433
610
314
700
485
59
962
240
997
552
994
887
69
936
747
567
335
664
108
516
172
692
269
174
583
581
547
143
358
808
243
7
626
314
976
966
365
963
301
324
956
427
368
291
979
335
331
873
319
467
884
389
35
819
421
801
613
2423 2277
3585 3193
1525 451
2836 661
1221 583
1381 2020
905 4628
633 613
387 1085
1966 1484
3942 3513
4184 2670
4655 24
3951 1065
2011 1411
169 842
3872 1813
1565 1138
3895 3569
1034 520
2977 1419
2339 3087
2579 4811
3078 4164
1963 1392
2066 3252
653 1522
4212 99
4118 3543
4439 3373
4210 3632
1063 1188
1691 390
1414 1609
1153 3910
1038 3392
3989 1981
4386 3525
166 372
1870 2589
3476 1818
2296 4505
417 3592
908 4184
4378 3220
2320 2826
248 3693
1390 597
4642 2013
2195 3689
2475 1832
2918 384
3061 4667
4962 449
2489 2194
4608 1933
340 2874
525 2371
4008 3031
4110 4179
4978 3727
203 2913
3172 2558
291 2570
4706 1366
3417 135
1377 3261
4765 3421
2243 3994
3889 2299
2909 96
4525 3991
3915 528
1613 1788
4570 4969
2715 2245
635 3896
2935 3181
1138 3286
3065 1260
3413 642
2448 4263
4861 4391
1987 2750
2000 3026
2993 4525
2194 78
1141 3431
834 1049
1580 3063
1581 4814
3093 645
3516 1110
3205 4244
1085 2275
3948 1458
83 4053
2784 4128
2608 4500
4997 70
867 2240
3215 3080
4605 4043
1822 3773
1275 2227
3611 4342
1908 266
2877 293
2719 593
1893 2660
2653 3043
2771 3255
4784 4033
2859 3091
256 4456
3277 4497
2594 2060
2338 3229
1136 32
4522 4199
2843 1532
4180 2753
2031 2731
4024 1078
275 2842
4785 4900
1561 1825
3408 3402
2538 2091
3209 1615
3971 4647
3322 1441
3743 3607
4171 1431
2809 3922
423 1389
200 4330
1652 901
2766 4815
2833 4150
483 3185
2312 3115
3206 3620
293 2146
4377 2336
4678 1275
1449 1412
156 2943
1168 4621
4659 3889
1166 3501
1739 3212
2119 4368
3922 2423
1174 3270
3803 685
2310 3176
1375 1094
3598 4896
3562 1854
1458 3899
4964 1797
4340 4748
4489 4718
2875 3699
3480 2782
3513 3404
3685 2048
3080 2508
4961 373
1699 3836
4877 1862
2469 215
72 644
3272 2204
2357 2326
2045 3526
1396 753
2284 1892
1159 4554
4693 1290
278 3997
3445 4517
1251 1334
2951 3930
1106 2100
3943 1404
4399 4227
1747 1315
4501 3966
1720 3983
4053 1473
4182 761
747 1096
3013 1791
3688 3575
1446 602
114 1994
3054 3805
416 2829
4606 4856
218 3198
956 2206
792 1610
4498 3007
3994 3877
2413 2389
4666 143
2022 2341
2969 3206
2893 3287
351 273
2749 1707
2106 4891
404 2755
3188 2757
2275 1144
4706 4878
480 1210
1823 802
4973 433
4257 2072
527 2258
1824 246
1920 3882
3088 548
1537 698
2703 2602
1148 3183
3083 4726
3802 3654
442 4884
4326 4054
4982 2698
3944 945
304 2995
3386 57
76 3471
2975 403
4658 575
4741 3599
1985 3609
1170 1973
2938 108
4652 3559
1716 2302
3591 2618
3696 3208
4595 4522
583 3625
149 785
2744 4094
1145 4362
3223 472
3183 2938
2430 4586
4796 977
720 2332
1436 4357
3460 270
36 65
2982 2991
1274 3569
2267 4243
3962 885
2580 1321
695 102
452 2369
457 4015
578 4079
2437 902
3608 4356
2531 4119
2003 2820
4942 353
4650 1875
3011 2629
4874 3633
3987 2178
2271 3865
286 1273
4235 2093
926 482
3801 3101
1608 2632
3752 2640
3030 381
4913 1098
360 3892
4587 3860
3002 2084
4594 502
3164 2076
1024 710
1757 1075
4661 550
2960 750
2606 3627
38 2212
3243 3309
3733 799
3007 604
2988 4288
3990 4888
2446 3884
1098 2821
2380 2866
3541 4639
649 908
2451 1500
4917 437
2363 1661
381 2927
4249 1551
1500 1505
826 2656
108 516
66 12
3799 2923
1919 4116
136 2567
1293 1872
928 2121
3627 3459
1281 4101
3936 2139
1752 827
1778 3503
254 738
3778 4938
1039 287
2740 3269
150 1360
1784 4180
967 636
973 4257
3482 4741
4939 1347
733 1546
4117 1117
3741 4762
593 4468
2623 4452
1395 794
1751 2288
3554 3254
1941 4812
1454 3692
479 2776
551 3597
3965 1342
1040 1108
2151 1899
981 2804
3723 4801
3825 4113
803 4432
1409 187
1733 4474
2922 3238
4361 855
1115 4959
3457 1455
1265 1209
12 4975
4995 1421
1107 2321
4050 3291
4121 3352
1918 3549
349 1531
768 2949
2105 2918
2837 2192
4505 3642
4488 54
1502 699
1541 1718
4514 3789
4996 4018
1003 4519
3602 4329
2224 4016
2143 3334
2304 280
2667 4248
4429 425
735 1829
1595 4490
2081 1456
2089 2045
3100 2603
3176 2023
1825 1396
2407 3851
2171 3492
1622 2345
3396 3029
29 3558
1022 2292
4026 2977
1688 191
327 1337
2807 2749
4867 4256
3904 4194
2197 4638
4799 2920
2227 73
3 3971
3373 1834
3064 2090
18 4657
3730 2305
2218 2166
1151 4304
295 3615
2515 3671
4983 2675
1233 2847
2572 1900
1958 3381
4960 2010
2913 1204
2421 618
684 98
1596 2092
1905 3028
3868 4385
3148 3015
2761 1906
1861 1083
236 584
2869 3679
201 1583
1817 4575
4641 2743
3789 1885
4724 284
4870 1054
3092 4178
2793 252
1845 4125
1331 4024
3441 2741
3419 3539
3931 3532
2124 2450
851 1547
4517 2888
311 4026
3096 2097
3641 4528
627 1665
2551 492
529 2217
2019 2306
263 4777
334 2860
821 3177
4164 657
1809 1679
2173 739
3589 3650
243 942
2609 1466
3077 4096
2420 1870
3439 542
2555 4752
3251 168
399 4813
1796 2260
4958 410
4314 2033
489 1436
1426 3595
2896 4715
774 1379
4093 2740
2303 1422
709 2408
600 1905
1820 1139
2796 4681
2825 233
1978 4579
591 4131
731 47
2681 1529
2708 1514
1773 1618
4410 518
973 4157
1702 3480
3115 3354
618 1652
4237 776
1648 2170
1237 1091
4393 4729
4695 4405
4093 402
4245 1399
4194 3850
955 3951
290 2030
94 1634
1350 4623
1635 2896
2008 3057
1556 1491
3737 1016
538 4691
4568 4262
1482 2323
1545 3544
2175 4772
3933 2622
1211 4020
3400 3011
702 714
1408 3351
1713 2703
1929 1189
1667 198
3049 2701
3916 4782
4664 1376
2371 474
4400 1993
716 4221
996 4802
1869 4462
1892 149
3016 2580
1232 1185
2388 4782
1271 1430
980 4965
4935 4877
2829 677
1906 2705
4254 3370
394 2417
2231 2272
2800 3818
2098 4564
4388 2748
3270 2150
1004 589
835 2925
3336 744
4193 1048
4497 1894
3194 2026
2498 337
1501 1277
899 21
2785 948
4836 1155
2931 2808
3425 1703
1552 4557
245 1811
2985 3537
4806 715
2854 2986
3724 4911
4103 2411
253 4872
3284 1375
1119 3733
4516 4572
2974 2695
1394 4869
4190 4388
110 1634
765 147
3559 1205
50 4287
644 1824
3780 2704
3669 2601
830 4640
612 4014
461 3013
4040 976
64 2974
1352 1489
3718 4784
2650 4745
1317 2868
2153 128
4158 166
335 2939
3573 1415
86 4137
400 345
4293 2070
2769 3787
3020 3701
3337 911
2739 3624
2855 2507
339 1105
3433 4958
4888 3617
2929 260
3447 926
3567 1281
983 4562
3041 4668
250 1893
490 392
3312 2730
2550 4885
332 3046
4537 397
4873 2377
3279 1623
4541 539
2682 1393
3949 4527
4558 1278
1234 3361
2601 2438
1451 2161
4940 3202
407 4531
3859 3758
3496 2503
2965 3535
3717 3834
1241 4294
2306 3866
1497 172
1242 1820
3047 3489
700 597
931 1135
1968 796
1826 3436
824 2233
4204 2645
4928 1975
2478 2822
4564 4573
1298 4967
4669 4109
1292 3781
4105 4903
3009 1999
2147 3708
2054 4013
745 333
255 3509
4479 4746
1488 1428
2108 3528
2090 2243
4771 983
4791 4899
60 4973
3456 4995
1330 366
568 407
2983 2571
832 1695
2447 4012
4872 1307
3139 2489
1709 2215
711 3034
877 1237
2534 1199
1139 1093
1431 3581
3087 324
224 1614
2559 3495
4653 1728
3768 3807
134 840
2477 654
141 2535
1018 906
4713 4936
2823 1118
4090 3722
90 3779
3186 2610
4089 4763
816 3636
4120 4475
2508 1511
4766 2124
2360 3192
4634 1301
2545 1325
1140 2897
1072 377
1830 3946
239 4298
1208 1830
4045 2765
4728 4411
98 4627
3575 318
1391 1354
929 3296
4259 448
895 2914
4569 1729
4217 335
3881 3058
4756 1680
4990 28
2714 2105
2435 2111
4668 4011
998 2078
3777 3561
4851 3018
2321 1197
3163 1857
3250 3194
3552 3066
876 41
4072 4798
2547 3485
4757 53
2903 752
52 1092
1777 4271
3321 4438
1878 720
2356 1625
3170 883
4682 4985
1588 646
2395 307
4138 4567
2464 3175
4883 351
4611 1726
2968 3260
713 2715
1584 2968
3830 3233
2532 2651
3282 1422
4949 1018
4691 1252
2113 982
4561 4245
4808 2184
2057 3346
3402 173
740 2604
2300 4780
4173 2846
4114 4118
1669 3030
1461 3605
2468 4347
2401 2770
1365 2879
3339 3490
2966 4309
1491 4988
3519 4037
3918 3742
183 2769
2916 59
1021 3562
1694 3917
2483 4201
1313 2738
4432 2480
3704 1987
2641 3931
1445 2746
1016 809
545 2063
2438 3136
2253 4894
594 3695
3862 4275
4918 3
2273 426
1766 874
4161 2522
4887 614
3587 4507
3650 3422
2347 4714
214 2707
1103 1952
175 4614
3332 1150
4413 1005
1609 4646
2710 1984
3983 4040
3751 2088
3109 3530
4202 3942
2629 1542
3955 3023
378 330
2183 3507
3045 2199
4820 823
4696 4485
4839 4339
1524 3706
17 290
8 3761
3530 1459
392 3820
4219 2717
4976 1405
390 110
1135 1941
3167 161
1800 600
411 3186
2434 4143
623 4212
1434 780
4571 4794
305 4987
530 3696
3474 322
1096 3872
178 755
946 3752
3906 3221
1998 2409
2462 2002
2513 1381
2205 915
3263 1380
1469 2840
796 3764
249 947
2158 2364
382 4732
4827 1282
225 4494
1076 4948
4685 1024
3950 1236
4957 4070
3103 2910
2456 1356
63 3275
2186 3348
4521 278
4324 4944
4567 1550
4991 2869
2481 620
158 4546
222 1784
3638 4846
2495 421
4948 3655
441 1682
3678 4409
4947 1858
3902 895
791 4530
771 829
28 1855
4763 189
1660 255
3713 1023
4715 674
4731 3804
1416 316
1267 1172
3018 762
3581 3519
154 3165
4543 4590
734 1810
2104 4222
1598 635
2101 1452
4895 4751
3324 49
794 87
3475 1159
579 2617
3364 2742
3315 3478
1047 724
2182 2937
1858 2898
1661 759
3079 2830
4898 4316
2014 181
2480 777
1084 3210
685 4713
1535 4325
2603 3419
3076 2005
1947 1804
2677 4684
1637 1453
4755 3191
2297 118
3820 1761
1429 3290
4246 4283
116 3253
1422 1600
1848 2047
100 4336
2541 1272
4790 4670
661 882
2923 2229
2932 1805
1427 3088
3555 1841
3382 304
4174 367
986 245
1081 2110
4487 1052
3159 4760
1193 1216
1315 3216
769 1326
2383 1090
235 2168
2821 1004
1405 3940
3362 3956
3647 2410
2762 432
61 2531
4670 386
345 3612
3748 4132
2110 2605
2934 4005
1124 4207
985 928
4189 3219
4793 1620
1440 2404
1837 3717
2516 4161
852 3791
4580 4273
3147 2784
2781 1245
3551 1641
4804 3037
3759 820
1172 2129
3853 2863
1450 2366
2649 961
4735 3995
643 3105
1099 2540
298 2666
3517 4429
5 2780
3710 4642
3051 1985
4830 731
1376 2693
4380 3749
4737 3145
2266 4412
4864 1605
4182 4583
176 914
358 1977
2835 4709
2686 4982
1109 2728
4743 165
1967 2295
1690 1398
2701 3073
4816 4267
620 4734
3762 8
3357 612
102 4851
3455 3531
2944 804
1314 1163
2924 3041
2069 869
3142 2289
2544 4311
3800 3387
1052 498
1801 538
478 2760
2886 169
474 3777
2409 951
3765 3079
939 4654
4434 889
4942 921
1815 285
3584 3589
3941 321
3338 4765
257 4086
541 1535
1178 1446
4720 4892
4003 1636
4626 4135
647 2960
1474 3427
1276 4901
1388 2551
4347 3732
3842 760
300 4769
2560 2848
547 1425
3265 3918
4369 1182
900 2329
2889 3783
1668 2361
2478 3465
2021 4100
2161 1861
314 1540
2872 4168
2956 682
4303 2126
976 3657
4482 4389
1797 2234
2398 2549
759 1742
1756 3992
1546 2381
2277 679
2291 3371
4684 867
3900 716
3809 3640
4342 3017
2214 359
2660 671
1043 4010
724 3855
3356 4865
580 2242
3329 1783
3565 778
2670 4662
4318 1926
2892 135
595 4754
1518 4447
1194 1789
2890 1062
1633 2620
4335 465
542 1344
1121 1988
548 870
820 1915
2283 3292
4850 2795
1382 1774
1074 2794
2268 2108
4732 525
3199 1068
3349 4046
2991 4343
1282 2950
2349 3097
2279 4676
941 4693
1335 1512
1071 363
1859 3172
2846 782
2587 1304
4869 1776
3097 4214
1508 3213
669 1591
3366 1069
4502 2320
2947 1469
2482 527
4805 1831
1536 1715
1937 2878
3363 2655
1607 2080
2239 3367
715 4852
4866 506
2319 3511
4536 4000
1976 2136
2901 2486
2593 1922
1509 4827
3033 2220
3667 582
4091 356
3300 2416
4892 1072
2328 3463
3124 176
1132 3308
2337 3741
361 302
1884 84
2635 4983
1891 1266
1712 4114
3278 2775
686 866
3593 4764
783 4866
2503 3827
3258 4252
3527 2634
4385 3366
4560 1649
919 812
3767 4837
1176 1667
4232 3740
1050 436
2994 3930
2290 2379
2131 1754
2276 725
1027 2768
2240 3656
2697 2330
1847 496
4760 1943
4817 2739
1645 3716
2876 4461
2018 404
1346 2007
3977 4927
1952 1187
1189 3976
3371 2721
869 4862
431 3313
1494 3044
1009 2889
439 3698
341 4644
4305 4799
2032 1877
297 174
2897 4355
2595 218
1876 276
59 331
4266 3970
3335 2190
3532 2460
1589 1828
2264 3182
4111 228
3744 1995
1100 4302
1517 4384
2313 2844
516 2796
4762 2394
907 4876
2728 4880
3026 4636
1874 3059
4104 876
4711 2061
3072 1719
1244 2971
2520 2975
1659 3096
3316 2138
3507 1169
3866 2929
1790 1050
4598 1992
1078 2324
3294 199
882 2838
1828 3724
805 2553
438 1255
861 134
99 3430
4422 4581
4454 4107
810 2599
3297 4189
893 3032
2028 4166
2553 2716
4001 513
577 3002
4721 31
4198 2778
1623 2586
1060 2353
1476 2363
2052 2828
1318 117
4930 3838
4703 2315
1840 4197
2120 4042
1885 919
1045 2593
4632 447
1672 2817
2906 2230
3143 1710
1325 4286
1763 807
4051 499
2864 3156
2779 4458
1310 4123
729 1734
3091 2467
464 1918
4096 3690
2094 1755
4270 1157
1041 4350
4997 3849
2810 1912
3815 3390
1129 3048
3399 4032
2286 4727
1250 2548
690 3977
3631 4835
374 1592
1856 2565
1420 1896
1566 1558
1593 66
2102 1708
1397 3199
3320 1039
3070 1364
4999 1229
3323 1796
1425 4142
4229 4392
3923 2569
2088 3638
3689 2912
532 3312
3761 3428
21 773
2358 4821
2952 3433
4475 896
2096 3138
3082 3676
31 940
4746 4393
3000 3635
1829 4435
1299 2902
4779 4023
4456 1655
2473 1058
2318 3949
1080 4998
3508 3445
2904 268
2424 4861
2941 2585
1104 2235
2670 3780
3257 4740
2954 3647
1717 891
3877 4360
2185 1948
988 4800
3248 3626
1403 46
1692 3410
210 3274
2658 4380
3416 1437
4742 4523
1373 3546
4094 923
375 3886
1961 1388
1611 1782
419 3785
4448 2545
1792 824
4025 1238
2309 4838
4801 2691
3864 1659
512 4716
1819 4073
4633 881
896 150
1586 369
741 2442
3395 2538
3654 58
3610 2893
766 265
3069 4174
586 471
3528 4403
2755 4285
2619 3829
4064 2511
1572 1444
1206 3322
689 1597
4846 2727
3711 938
2302 4224
968 4306
2811 3556
3217 2356
2074 2418
251 4889
2917 4594
2055 1960
3779 4229
1940 3014
402 2396
4506 2273
2964 1837
2600 2816
4195 4211
3032 4669
2136 3610
2751 36
1970 1565
1371 101
823 1372
602 2246
1676 558
3155 1779
2341 2709
4269 2164
860 1298
846 3277
228 2397
3817 819
3127 4372
2706 4261
104 475
4256 2520
4637 1588
2459 138
323 4493
1401 1368
2905 2287
3225 1903
1116 1945
894 2390
3005 1165
1835 2811
3594 2325
3381 1991
845 4191
117 4807
55 4428
3785 497
3015 609
1374 379
3340 3084
3494 3885
1002 1341
808 1577
590 4924
3985 2510
125 834
4647 1403
4751 3518
450 4774
1511 2439
2685 3448
3121 3832
4620 509
4234 3622
3122 4127
2354 4803
3888 3745
170 2145
1715 980
2505 1199
1393 1891
4309 3925
526 3411
3463 2969
3424 3858
307 1982
2077 2688
4780 26
676 4576
1218 1346
1216 4090
4616 704
1990 341
1432 3229
2984 1483
1765 925
158 4853
992 1537
3200 670
2620 2243
4401 4860
3934 1173
2948 13
3648 3854
4530 1014
3431 2265
3982 3104
2159 577
2820 3064
3595 2209
1701 1312
3932 1359
3851 1545
131 2814
4510 1001
2023 991
19 2195
4607 4066
3376 383
97 2881
2832 772
4955 2550
2620 2683
4294 3259
2727 1082
4466 38
4596 2463
567 3748
2664 309
2831 1351
3544 2627
2543 565
4614 627
4875 3952
2202 2424
2117 2607
4462 3904
1028 2188
132 2873
2568 2099
3520 2430
2866 2961
1930 1847
3601 2004
331 3545
282 3840
790 329
3466 850
1032 3580
3252 4483
4059 2964
4177 3903
2241 3738
4331 2429
2654 2453
2327 515
151 2834
3726 1621
1283 3439
1793 1508
4542 3981
3791 2420
1383 862
3440 561
364 4791
3152 1149
2180 202
3052 4585
4087 4750
1366 2864
2967 3933
1273 2083
3046 364
422 142
2928 1598
1821 2652
2013 10
564 3271
4534 1716
1814 1366
3107 1370
2597 4328
918 1658
1184 4152
655 1807
558 2055
1587 3200
4145 3985
3086 863
2235 4868
3824 1920
1149 2643
415 417
4445 3799
4425 4994
1102 4074
4307 4340
1839 1107
2618 2616
3360 1218
3234 1840
1774 3878
233 2116
1169 691
436 238
1392 1234
2692 3608
4047 680
4481 1025
2501 2554
764 3845
4772 3677
101 2473
874 3441
1008 3389
3454 1736
352 4022
855 3381
3810 1553
3605 1330
1542 4781
1046 4052
2792 4659
1776 3563
622 590
161 892
93 4963
1900 937
3412 2227
4752 120
4119 3339
2208 3098
3138 2078
3735 4001
4902 3379
1026 1506
1603 4863
4701 631
1323 4570
3098 1928
3048 3967
2376 4295
3187 250
2325 1957
2816 687
3077 2296
4511 3195
2467 1814
4131 732
4576 4547
2734 2699
3177 650
3844 1109
4618 3386
1042 4591
4022 3338
1386 2029
4768 3162
357 4374
2201 2469
4200 3833
2517 4408
2848 2339
186 2649
1268 3483
638 44
2736 1387
4554 686
4130 793
2156 3923
1410 2236
4241 994
162 3458
3350 3396
232 1801
3924 4824
4297 830
2116 688
663 3203
4927 2963
1203 1084
4702 319
2125 2189
2502 941
3133 1027
2017 4434
4255 1785
1285 3455
446 380
1064 2031
1555 4630
1321 3336
2272 712
2324 4058
3630 308
4329 1302
1462 157
4327 3142
1582 3648
229 272
4698 1874
3028 765
1181 2753
3668 3482
3538 3227
3415 730
3260 2256
3094 995
1404 4035
4012 1596
1927 1656
634 236
2610 4196
2689 3817
1680 4514
2773 461
1091 406
1795 204
1093 706
157 2908
556 3040
426 4310
259 1929
3273 2490
982 89
2659 1134
165 4352
2860 4151
2082 3880
1547 3973
4934 4383
4915 2579
1134 3317
430 25
2488 4980
1911 2729
4153 4484
3512 4077
490 2149
115 4217
1320 1124
4144 4141
699 2238
2490 3032
1438 1248
608 1827
4419 388
2765 1554
4215 4047
3926 3803
2455 1919
4426 4065
2764 3468
397 4319
1601 553
2750 3226
549 3974
788 4237
3197 2351
3572 4277
3633 4757
2830 1879
3750 4605
1553 3307
4936 2628
3976 3299
465 203
1259 3586
1399 4653
2625 1361
3214 4203
34 3497
2150 2827
914 4351
2845 4904
4308 1221
3354 3852
3281 326
812 4185
652 2852
319 1299
4615 519
1095 667
4908 936
1280 151
3201 300
1006 2631
829 4787
3657 2587
2472 843
1506 4940
1308 3862
1977 4756
3031 3187
2661 4879
809 315
1294 1725
3788 756
3894 2328
4392 487
4566 1911
978 4613
1651 2877
4029 1608
3974 368
3392 3140
3946 4314
4137 4795
3156 1937
4630 1442
539 4793
4869 4479
487 4724
4894 3641
1972 2983
3509 1768
2375 3355
2024 1166
3204 1816
2696 3611
4501 4498
444 3479
2345 972
2087 4845
3658 1002
1988 2810
773 1279
636 2096
1150 4305
641 3094
145 2181
1030 878
977 2992
767 1633
3680 1265
1048 248
4951 833
3355 1116
1787 2641
3443 749
2528 51
2976 216
534 4886
4239 1790
3192 1698
4073 3502
240 3369
4227 2402
139 929
2882 2298
1567 4457
2163 2372
193 2203
2036 2176
2631 4688
4707 4117
2537 69
2699 1061
3979 4633
1433 4730
2908 4773
1113 4169
4167 3863
2230 4610
367 742
509 2318
187 1033
2187 1006
4840 2482
2034 1214
2228 4153
4993 2392
471 2432
700 3499
3991 621
3275 1429
2999 808
4549 1670
694 1047
2426 310
2351 3432
412 1183
4421 3666
3053 3394
2137 100
3242 2537
1748 4254
1646 2437
4526 555
3262 2196
3298 2214
4719 2431
3886 4031
4281 3068
1855 194
1468 3262
3827 234
1616 2247
4322 133
2251 4945
3550 2572
1447 647
592 3571
3390 476
1492 1938
4738 3067
2729 3796
1749 747
4027 4797
3437 3802
3940 141
2979 1684
4758 4661
1261 564
1696 4402
617 3590
677 2340
428 1363
4353 2448
544 3649
1249 1030
192 4829
4092 1517
372 576
2971 3306
2840 2461
4162 751
920 4697
2184 2951
3132 2942
4021 3295
1167 4404
2308 3881
1220 2574
1437 2957
2709 1239
1798 405
2722 2216
3973 1007
1630 2790
2957 3452
3141 4820
2288 2815
1564 1423
3229 2713
2536 298
69 221
3533 1274
2085 2312
2527 3098
570 2591
317 3236
1597 1660
213 4826
1568 3968
2852 3920
2584 4027
4176 3613
1922 4238
3137 4200
1785 1410
2575 2304
2973 4264
4273 2832
4206 4946
1455 2845
1290 112
1355 1331
2662 370
180 2516
1995 1515
1706 1161
2029 424
4822 4228
4683 1226
2432 1475
1551 2205
2815 624
3383 822
1612 622
2691 3340
3493 2595
3302 251
4036 3332
561 2646
3805 640
4938 422
2323 1688
721 182
2042 4859
2433 2294
4812 4007
2678 2433
1925 3211
2070 1211
2178 2530
4127 3400
212 52
3239 792
3280 4568
84 82
507 3929
4718 2312
984 4327
1163 2470
3929 1787
1254 3815
2803 3568
1914 594
2591 656
2362 4421
886 669
3671 689
2346 4618
1479 3153
4209 3092
1361 4986
4102 3279
1175 4148
1238 2454
4282 563
2599 533
4277 1402
238 3424
190 2523
1463 1951
413 952
3660 1569
2746 2498
3112 2637
1664 903
4275 2560
714 4521
831 378
2128 4103
1252 4848
1585 1798
4529 695
3639 4744
930 3646
2030 1060
1473 1817
701 4632
4578 3998
484 4002
3391 4045
1653 3150
4963 4692
4134 4939
2203 22
4196 3231
1928 358
936 4592
671 1844
313 4427
2712 2228
619 2380
4211 2479
2598 1435
2578 3691
3211 3560
395 3049
599 2594
4016 4276
4315 917
553 4934
4412 3913
281 4300
2817 3195
4829 4920
4717 4520
2270 4423
923 3465
1035 2018
990 1971
4754 1355
1781 1420
1295 3326
4052 1808
3620 3720
2839 610
4364 20
3346 146
2737 2481
2879 3670
2083 3378
4081 3056
1615 2291
3075 224
4503 1133
2738 3924
1089 1865
268 3969
1406 1821
3325 2334
3458 993
4418 1636
4471 918
515 2133
1671 1113
2006 1603
1639 2734
2627 4719
2494 633
3405 1041
4499 391
1341 858
174 4239
383 3816
258 4162
3165 2669
1769 1859
691 815
1402 1752
2379 729
2382 3853
4373 1449
3792 313
2114 2067
1780 3553
1236 3728
3105 2484
4106 3798
1728 4893
3471 282
1685 786
779 521
448 3718
1013 1986
1718 2813
1353 1961
1180 1476
3892 1950
2576 1904
4623 588
3189 4022
3060 2346
674 1338
2643 4190
2684 3709
662 2919
1727 4976
4146 897
2540 551
2998 3808
2076 1648
4727 1838
528 4266
3858 957
3522 1119
379 140
4778 526
687 4459
2720 3905
4710 2581
688 4711
2307 3188
2850 1121
3207 4216
2126 4666
4248 2911
2713 2162
1435 2012
744 4072
2442 774
2900 3746
3351 1887
518 3674
2402 3288
2350 162
112 3484
3230 3583
1954 2082
3024 4914
4346 4541
1675 4220
1868 3512
958 1327
1791 2680
3699 2972
799 230
4709 4406
4251 42
1190 3077
216 346
1417 3111
2656 460
3963 3737
1157 3125
2221 2762
550 4619
965 4950
2569 2623
1336 17
2460 2383
1890 2387
3907 639
1304 2027
273 114
4901 3062
1850 4832
4415 1766
2225 2043
1684 92
935 2532
1059 1927
3369 258
2317 286
4044 145
4406 299
2053 3536
3195 1579
2589 4091
1663 235
2946 1336
242 1539
3024 4508
3695 697
54 4686
2417 4476
666 962
1219 4312
4970 3743
4527 2338
559 4
1641 4492
1380 3460
338 4315
3898 3603
1082 3022
3616 4230
1844 557
4574 3514
3435 3926
4575 4938
2486 2185
3511 3703
1625 2456
4500 4532
3436 3174
1897 4890
2322 3788
2237 414
1198 3106
3644 2221
4394 4092
1849 3328
2694 1487
2238 435
308 4346
778 735
455 4426
376 4369
410 3510
813 4069
4368 4932
4457 3168
4005 1073
4520 2624
2805 3242
3043 2024
2767 2710
4533 4928
2122 4234
3661 2611
3022 3447
2206 4596
2416 4308
1217 2094
3686 844
95 702
969 1627
3012 3739
198 2958
4492 4629
3826 721
3841 655
456 1769
4263 3551
2980 3664
4629 2466
1197 2443
707 4379
2632 3517
2071 4349
221 4785
454 211
921 56
2549 888
2504 4685
3720 1120
4972 872
3263 1013
4545 1653
598 4990
2778 4084
4066 4516
3515 3668
2777 4171
1019 1200
4519 4721
2806 4589
4298 3418
1513 3107
4718 193
872 3444
1743 3201
1562 662
1644 239
3453 3247
3226 605
2563 2187
4736 1733
488 2689
1725 1562
2408 2174
2281 412
2939 2086
1182 7
1069 997
2169 2700
2465 4836
1065 3047
3736 2509
2552 4993
1731 458
445 4982
1742 61
2118 4538
2554 2109
4686 2892
4287 3961
1945 2085
3407 4145
815 2751
401 3425
4876 510
4879 2407
3867 3209
842 556
292 4637
4486 1968
4494 483
4247 3653
4143 1318
4512 1643
2369 4923
3957 3093
3010 4140
4981 249
472 4680
437 898
4317 1584
1243 3667
1354 492
3742 2812
1563 3054
3428 1669
2259 2385
4339 2455
901 959
2614 2759
3307 4749
6 3045
4461 123
22 3856
1806 849
2791 4296
237 3333
1782 4722
146 1353
4584 131
1882 4806
434 2177
2068 4124
4221 856
825 1524
875 4338
4128 2296
1359 274
3394 1011
396 4587
4185 2674
533 1630
1875 2426
2095 1722
560 1786
1902 3868
1020 1544
2912 360
2668 2774
3632 4542
2208 3461
2112 2042
3770 4847
4563 3842
3184 1631
1066 2165
1296 916
1871 2635
750 3578
748 3955
2130 2562
2518 3619
2436 2144
3341 2307
123 213
2196 4696
4431 1788
1666 1225
2340 2257
987 3364
3905 4186
4449 4377
4404 85
2403 4933
906 2269
1673 3902
2548 279
2412 3678
4060 60
3303 4509
3721 2858
1621 289
4276 4147
3334 1480
2396 2401
4216 3524
2604 4582
2474 3784
23 4767
4697 225
2374 2445
4838 2793
3404 592
664 4097
1550 3380
4416 3223
1726 1191
4332 1145
1760 4488
3503 3712
33 4289
945 2644
3236 3353
4868 2333
2064 2528
927 3725
2419 3414
1510 2799
1853 831
2783 4417
756 2025
785 2945
843 4616
2093 2686
937 4551
1307 3137
3670 2564
241 3936
3198 1990
854 4672
269 2853
2190 3224
2012 1179
660 2886
3564 4790
4946 1910
4244 2223
1387 4029
2141 1767
4958 3324
853 3900
1453 2114
4046 4978
4446 1869
3849 828
3975 2792
370 4823
3603 241
4166 4844
3378 4970
502 4810
3353 3372
2373 1637
4260 1285
4588 3935
3035 1053
4544 3100
3089 3347
3056 4317
3636 2428
498 3337
4205 1888
2389 4917
789 413
475 5
435 3630
2507 2125
4815 3554
4627 4607
4735 1579
4580 2871
4360 3151
2123 3753
2189 3412
4775 1269
519 4381
1384 3329
4362 4922
4467 1198
4074 1401
3233 1741
3540 1320
4919 2940
3104 2475
1498 1672
2841 3954
3822 3021
2044 4390
777 4017
4366 3417
2086 4720
4712 2681
4914 3012
4727 3936
761 2556
1984 2982
1789 1773
35 4864
2165 3975
2857 1624
1465 1339
355 1843
264 354
2588 754
2717 4122
2702 3782
4396 4536
1086 2935
1300 35
1740 2073
3361 2319
1526 910
3042 4834
1037 2989
4539 3360
3758 2524
807 1067
3967 2282
2812 4059
4447 2592
1686 703
2735 1391
2651 4913
4750 4919
718 904
1467 1240
4080 2934
1209 629
4905 979
4372 1711
3175 1727
2675 4828
3210 1645
3783 1758
1843 3890
4313 3395
3930 4873
910 2123
3462 15
3568 1495
3590 4874
1867 805
4178 2924
2254 1696
3160 3963
47 2887
944 3243
4794 581
839 4394
2049 3685
1979 186
4573 387
3624 277
2514 3019
1624 3594
4667 3756
4643 2584
467 1747
67 4111
4672 4241
301 1042
1475 1622
4357 1309
4959 2876
506 3248
2944 2917
2193 1104
2476 560
3119 4560
4258 2819
4427 3027
3623 1835
4428 3323
2399 3901
3571 3573
885 4187
1735 3591
299 3616
4395 3945
1055 591
4458 4908
3646 2505
4056 964
4098 4663
2443 2538
3212 3131
429 3133
4572 1465
784 1294
1005 1131
2293 514
2529 3051
2067 3438
2439 2016
3999 1534
1075 987
4469 3906
4920 257
1472 4106
511 1580
1846 4009
3599 1501
3380 2761
3810 2394
4933 362
2181 2588
2121 1607
1657 2661
2863 2367
3818 4297
4855 188
3675 1390
1619 2449
4493 2075
1073 62
4159 170
1812 97
105 2928
3580 4202
4358 529
3505 4609
1077 2930
1622 1270
3692 4348
710 3451
1803 27
1183 2009
353 4292
4835 4706
491 1223
1057 2502
883 494
3375 1111
1156 2049
1143 2596
3901 4175
1171 851
2853 4788
261 3189
3978 3060
4853 536
3388 944
425 2415
4230 4842
2415 95
3693 491
4826 3522
856 1836
603 3966
3694 4643
2314 4182
4787 1246
1938 1217
2427 1213
2160 4809
587 2107
4714 1513
3423 718
4383 1856
4956 3694
3004 1333
1514 4335
3314 3085
3027 4867
1649 3245
4010 2131
2229 3759
3420 1230
1441 1486
2950 3555
119 4665
2207 72
3617 2316
4687 826
71 1485
1578 1289
1284 1819
1023 3304
3374 463
1200 77
1558 4272
3352 17
4657 164
4552 4508
3993 1175
916 2501
2256 4506
3968 2199
354 1533
419 2867
1448 1757
2046 1976
3604 2836
3911 4463
2244 849
77 3294
209 4853
2157 1935
974 416
270 2017
531 4126
2058 801
2047 4173
1092 1692
4199 2197
4165 998
3754 880
4761 2458
1412 2028
4871 2552
692 804
1543 2035
607 574
4320 653
962 183
942 3234
1942 3941
1808 1443
2092 1043
2461 3237
3583 2998
4800 1471
51 4931
640 2201
1569 402
1411 4170
4141 683
4932 813
266 628
4011 2608
2063 1881
4944 4446
2849 4307
903 4486
4863 106
1147 2932
870 1687
1662 1263
2431 1693
851 4648
4708 456
1161 4120
2510 3734
672 4219
3691 4155
2152 1427
4636 2053
3790 3496
2144 64
1711 954
868 2071
4953 1924
2138 2122
3488 94
285 3778
3966 4115
2642 2883
220 2519
1442 1939
1126 1581
2457 648
4253 3714
4971 1474
363 2851
2353 4949
2577 4399
4729 569
3755 3258
4860 4149
3621 2633
1257 3159
377 3888
3264 1051
2127 4984
2798 292
2261 4977
3166 1314
4009 1153
1505 523
4921 1932
3372 1220
4100 832
1269 1498
4845 1677
81 3822
4179 3218
1810 2464
2282 1886
2385 408
954 1241
717 4156
4531 119
892 3434
2262 641
2428 4974
4859 4717
4843 4460
3839 3550
3377 2952
4881 4701
196 505
4823 1287
3702 522
1277 4635
3769 18
499 1690
4848 1902
3146 3256
897 4192
888 1685
737 4075
4149 3343
4348 2143
4941 927
3592 989
3429 2492
2754 737
3472 1594
1456 2789
3468 4915
336 1164
303 294
3855 2077
172 1461
950 1770
4656 3272
1610 2609
697 3311
1527 3070
4333 1254
645 1917
198 3526
1939 1345
4155 1295
1965 2267
2315 160
265 764
904 208
3285 1010
3220 3500
1736 4198
2007 3184
2132 1247
460 3957
1832 651
3582 253
971 4265
2592 3197
2332 1256
322 2378
3676 676
2955 2491
3821 1536
775 2250
82 2573
1677 1259
881 4322
2222 2824
2992 3705
802 2095
2914 2405
3537 1418
2644 617
3981 2597
2581 2668
4187 349
4923 400
3185 4218
2524 1871
1011 3588
948 3388
2818 2000
4994 2636
4119 1078
109 4365
1439 1921
3057 4512
2707 2254
3352 1739
2936 3033
1904 4378
2573 3755
833 1284
3899 486
4565 973
4984 3469
129 660
828 2996
4018 4470
3836 2264
1655 2262
3254 4193
2269 4290
3040 1322
1125 3001
1813 3500
4896 984
473 2147
126 2621
3066 1735
384 3141
4191 3540
177 2003
3432 2462
4753 409
312 4448
3304 3564
2861 3152
1600 4992
1559 4624
1948 1395
294 1876
2276 184
2867 4246
24 3972
1697 675
2828 1080
4509 317
337 3760
1533 1833
3574 2714
2429 264
2590 4410
2757 1806
1478 1416
3659 1046
1540 2831
1036 1765
1316 946
4337 1026
523 1632
1133 3812
3549 2451
1528 167
2217 630
1326 2021
746 4626
675 1227
197 1674
757 4955
3969 4471
2808 2677
2730 320
1363 2725
524 55
408 2142
2166 988
4646 1463
3106 3721
3612 2493
648 3700
2523 3050
4354 974
432 4926
15 803
1827 3383
2915 1675
2016 3173
3914 3948
2607 585
3920 3682
4286 3552
179 1160
1590 606
1863 2173
2566 3960
4819 3883
4662 1343
1799 531
855 3875
481 3310
1737 4537
3776 4363
1127 2374
4112 4674
2834 2244
3269 1944
4726 4133
1516 711
3566 440
4034 132
902 171
1678 4085
610 4902
3912 2880
1574 2786
770 3005
1327 2895
2802 1748
890 311
11 1243
4055 2386
4807 2744
4979 3839
2220 126
4910 1167
362 615
2154 469
427 632
1258 1970
2763 4223
1921 4625
2075 1373
4150 734
1207 4062
3865 385
310 1639
75 4897
1142 4036
611 1743
1931 348
3786 1074
4495 1538
3980 2702
1345 4138
3739 1386
1695 493
679 2546
4730 579
2919 4887
4774 623
3857 355
3869 4451
2989 442
736 814
4035 3415
204 1313
3063 2342
2414 1146
3393 4270
1818 1635
3622 2752
2733 1701
4330 1959
2378 14
801 3662
2907 3440
1348 468
2741 1482
1873 1681
2844 3844
1419 1385
2062 2022
2961 2578
4490 2226
3808 1454
4747 2854
2556 4441
3811 205
1583 3959
2100 892
1001 1647
1097 2101
159 2894
979 1866
470 163
3874 1063
2484 966
3526 4210
3745 1882
1489 543
1179 3429
2331 4937
1228 4645
535 2359
1407 4779
1983 3965
3553 3118
325 3454
3988 2514
2393 4098
3467 1582
2525 4529
4408 4281
1210 2905
1618 4407
1575 1753
2695 3488
3524 76
2387 603
3928 226
1227 2563
3506 2648
1771 3574
4349 3989
1710 2225
814 3566
4739 4533
3153 2160
3897 1086
2103 2787
3291 1088
4154 3947
1378 2171
2496 3006
3162 4925
4723 2788
3586 3533
2192 1408
3502 2290
4274 325
3875 4673
2295 2285
403 1462
3114 3144
753 4433
1956 4324
755 3879
3483 179
1322 4225
1594 4425
624 1407
2533 1526
4513 86
3490 4466
2665 2370
1424 825
2060 4038
3489 1662
4783 3280
521 3149
2204 3450
161 1997
2679 1567
1351 821
3157 1642
1964 779
1379 1760
2246 835
2033 1158
3410 200
2280 212
231 1100
3403 3538
41 4282
1255 2186
4604 963
2582 2615
2111 4687
4067 4479
4389 393
191 3265
215 481
1640 534
508 4056
4157 3179
2512 4556
3753 4555
453 2014
2711 1619
2041 4157
1926 1460
4379 4061
625 3861
4550 418
1617 2529
1994 4051
1916 244
2826 4742
4968 1593
1162 2679
4398 3267
1202 4545
725 2979
3684 1568
1033 3082
4163 1721
573 3147
4328 1293
1788 2421
1347 511
2170 2785
4832 2697
1246 1654
182 3541
2981 90
1481 2625
4903 4552
2069 218
572 2909
4675 1967
4042 2941
1367 399
4789 2261
1762 3230
4988 1502
2986 2232
2191 4511
2039 3249
2299 1296
4213 457
3677 2533
614 965
4387 107
2641 192
477 2682
4831 933
3343 4154
3539 2056
1111 2708
4116 2303
1894 3466
3863 4382
3807 4424
1719 3542
1683 4611
3145 611
1079 2368
866 931
3231 2357
4225 3413
3129 4400
654 1457
3095 930
167 2719
4170 4981
2911 4401
1907 3163
4769 2614
2870 4337
2940 1077
575 3843
1278 2211
3208 4480
2500 4371
316 1029
4062 1447
57 2327
3937 2140
2367 2362
4285 423
1753 1129
96 4088
405 1860
1415 3604
1770 4482
2978 1106
4007 3446
2015 578
315 2208
3652 3132
1631 736
3427 761
89 3730
1058 1962
2213 91
3740 343
1805 2800
1490 2335
2450 841
2145 787
1638 4655
3846 3004
3421 2805
2174 1572
1794 3038
27 1963
1222 1709
1187 2857
4344 1009
1288 3020
847 970
2005 63
3296 1008
3180 741
1955 2687
2140 2711
1185 2933
1703 4758
1838 256
194 4093
4969 2452
2881 2406
1339 3644
3500 857
206 1863
2397 1125
1507 4641
1466 4960
1495 4242
3870 4675
2920 3629
3986 2803
581 2835
1629 2862
1969 3618
2617 3318
2725 4549
3656 16
3960 658
3190 953
3397 3672
155 3384
1951 1574
4689 4422
1775 599
3548 3300
3310 1308
3523 4615
4788 4622
1842 3864
4803 1812
4031 3859
582 1585
4929 978
2274 2148
79 3548
4101 1244
4716 913
3588 2875
2628 3003
3158 4831
2775 2172
4834 1176
4473 3268
2148 2833
995 4728
554 922
1484 2237
4624 3987
160 1839
2770 1127
3640 681
391 296
4759 3687
3628 1936
2129 40
4156 1901
2519 259
3893 2198
185 428
3577 546
1806 3053
2616 4550
4673 668
1704 975
3806 4195
2716 3345
4998 4898
630 1350
678 4105
16 4634
3259 37
4491 220
793 4430
3135 1369
1338 3806
124 2001
974 952
3701 745
3707 544
1903 1898
4705 4414
3470 746
492 2081
2755 3620
2565 1383
705 2087
924 552
373 1730
3044 2153
4262 438
4508 4910
3459 4089
3154 3124
2873 3504
3043 1143
3222 1740
4945 439
1224 1629
4677 281
4292 3658
4301 411
459 4776
680 3766
3764 958
3108 2345
3542 2506
1811 4359
1758 1931
1289 3663
552 1207
4651 3276
4612 2113
1144 2758
4676 3113
4430 452
994 775
513 4725
1015 1953
447 3887
326 4561
1487 3908
4825 154
3954 3464
2930 1842
1223 783
143 909
3267 4095
3461 2664
277 2598
4660 3069
4694 2191
2020 4683
56 2331
3327 2270
3635 1897
496 2764
1746 634
2200 3289
1337 4704
3123 2376
555 3938
14 3420
2851 3915
520 2117
2326 766
493 4689
4367 207
4977 570
3021 717
3008 4626
949 2837
3081 1780
1804 504
113 4778
4033 797
207 3393
1723 2313
3125 2037
4909 3316
482 4789
2247 1883
964 708
2732 2487
1617 2084
3358 4783
1186 864
3712 707
1560 3235
2704 2175
4126 4318
4020 2671
4460 4840
2219 532
540 3893
284 2255
445 1306
3389 2806
2959 4144
1000 1382
1772 430
4590 3837
2813 4540
3900 672
4048 3527
3664 2904
1188 344
1991 28
3747 2916
2780 810
4649 4574
2444 3719
1783 1123
2294 566
3062 2944
940 4491
1689 3217
891 4030
3487 71
1195 2062
4931 3780
1901 1228
3795 3024
1122 1097
2858 1034
4985 4181
1372 1038
1953 3456
3662 4504
3935 459
153 2279
3287 3139
3313 1319
4068 1958
1693 420
571 554
74 2947
991 2011
1464 1723
3330 2747
1120 580
495 3099
4023 2724
137 3994
4663 2841
844 3169
2567 1317
2522 3473
1017 1613
1698 1352
663 2246
4188 3117
2212 2309
4122 1358
3449 74
2364 4843
4478 1556
760 4916
4351 1099
4656 749
1328 3257
3085 4464
3607 733
3246 1566
2718 283
4635 3964
3328 4495
4226 1070
140 3357
309 4617
70 4544
1888 478
4242 2499
4082 1706
4338 2200
838 3508
4551 1756
2334 1056
4107 1616
2038 444
274 3577
1960 853
3090 4964
3843 1156
2888 2994
4797 3958
2497 3374
1389 4341
1090 3681
3873 1059
2146 3715
819 2157
2953 4134
2782 4819
3309 1724
585 2293
781 2606
4233 920
3068 852
3547 3282
462 2663
3521 375
3240 1490
728 4366
3055 748
2061 4770
4436 4331
4899 2468
4648 573
4390 2355
3347 2137
811 2354
3268 4268
3478 3623
963 2870
128 2115
3880 3876
1123 4139
2257 743
4926 3250
708 269
3359 2802
3237 1215
693 4602
3715 4677
4058 2400
1398 485
3796 3914
2252 2543
2887 4698
4043 1864
972 45
4782 2783
1557 3160
3014 83
3597 155
3772 2754
2557 3205
4692 2544
2463 795
879 1012
1896 2444
4725 3278
2305 3453
1493 4273
4359 4057
1544 4006
4975 871
818 524
2747 586
2470 2365
4450 68
1025 3166
3682 222
2842 865
1980 1488
1573 2647
2239 3003
3238 501
4222 4747
953 1196
871 350
4108 935
2586 4358
4071 568
4882 1451
4671 4972
2226 462
4371 2317
3712 1132
2698 4682
1898 2807
3812 130
2506 4921
3017 2350
393 3747
1067 3263
4343 4104
517 3669
26 2120
827 4962
1287 2777
2596 1700
850 1470
3557 303
2612 2779
2756 1190
999 2477
4954 1028
1231 3723
752 3148
3398 3939
1738 1177
2342 3129
3221 4786
1305 3320
1714 70
857 3775
4321 3437
966 2915
4622 868
45 4503
4591 2988
4123 1930
4474 4158
142 4755
1358 127
3218 2069
4054 4333
2511 3161
3831 365
2804 1998
4272 3443
1707 678
4699 1552
837 4658
4240 3325
3283 2119
4223 4063
3766 1908
2372 2673
3365 3768
3295 1378
2099 1713
4700 4259
2526 2936
4083 1541
3256 488
646 484
1924 175
1470 3651
262 2956
913 3643
1471 2976
703 2733
2570 1122
3130 382
2285 873
4316 109
347 159
3655 11
1891 2677
3398 468
4559 2512
503 3984
3438 342
1274 3154
4885 122
865 3281
1504 4822
1213 4595
1532 1516
3968 4569
3737 3032
3412 3477
4440 4778
4842 4102
4886 1142
637 4825
1833 2926
4341 2050
2080 4397
1730 1822
4135 3582
173 3398
4124 3814
2266 577
1767 1509
3716 4883
4593 1971
4115 1493
3819 419
4264 1604
122 567
2542 700
4352 2343
3649 2500
2002 3467
1852 1297
306 261
4403 4449
4160 2613
4132 88
2799 2241
3891 2809
1949 4146
1779 4081
683 4929
3301 3772
1239 665
2250 4039
1444 4442
4086 949
78 4513
449 3874
4265 4499
3613 545
2680 4502
2330 722
1971 4604
2561 4326
604 116
138 4578
4548 2706
1515 3736
4480 2044
628 1799
1477 2999
451 3089
2458 339
1841 4849
2107 353
4674 1170
2671 4386
202 2169
386 3335
1240 3196
1554 4177
1768 3871
219 781
621 4817
25 537
4310 295
1333 301
2009 1969
1014 4354
2377 2557
3255 861
2827 4708
2546 854
3725 1815
3232 4707
4192 2135
3705 2488
3964 3321
4922 3375
1229 2478
2933 4515
4546 3675
1061 3285
458 3470
3690 598
3939 999
1722 3665
330 148
3039 694
727 4524
2176 4021
2167 464
3266 4087
2626 480
3982 385
2615 971
2490 1492
933 905
763 960
1895 1249
997 2403
3331 4700
4291 2180
3245 2103
616 3916
328 3937
2753 1468
798 3521
3034 3790
3879 2684
1734 3409
168 1530
2509 2981
44 1193
4203 1262
3140 2224
2937 1599
749 2373
1549 2736
1786 3982
3738 3567
4640 723
3961 2263
1105 503
3674 4565
3379 3416
466 2890
3169 837
4414 1965
3495 3711
497 3628
2168 3363
4030 2419
3168 2382
4844 2297
2394 4183
1201 4952
1917 1720
1499 2159
1101 3697
3179 334
4599 2472
3126 3215
543 2825
2814 4247
4966 3097
4535 3652
2787 2818
1114 229
9 466
3113 136
4583 2547
2881 3056
234 540
2726 124
1309 616
3606 2662
2789 1731
217 1258
2361 1850
4356 4839
4323 190
975 3999
3469 1292
4904 2590
4019 153
1095 2897
3174 3358
163 3385
1311 2907
2004 4496
2381 2269
3876 500
4854 1433
959 2349
3709 1853
4880 541
3722 3167
127 3225
4417 1666
3219 2568
1173 4455
283 3008
4906 3228
4749 4418
4152 728
1632 1479
3529 2132
3534 312
615 1340
3430 232
3387 1413
1010 3035
3837 2859
4809 3598
3099 3241
350 2052
657 3911
2611 4651
3464 3423
3600 1071
1936 1590
2790 2252
492 1851
889 1744
1354 1434
260 4025
3271 2642
4231 4600
3828 3645
601 3474
4528 1651
1886 1570
1523 1328
1160 323
4250 1617
4897 4737
2742 3130
864 103
1128 1251
414 1686
4579 790
2162 398
1369 206
3887 1657
3227 4808
2311 2954
4690 2962
2001 291
3763 1712
2652 2773
1816 4064
1423 4871
2035 939
4638 2865
4334 3401
2995 3704
1658 673
4925 1746
3479 2583
2216 3505
4734 1563
4744 2248
3560 2483
3444 768
2043 3809
3823 1751
3370 3273
4288 3795
418 3729
1531 1942
566 210
10 740
359 2058
4002 791
94 1573
2958 2276
4175 2638
739 3214
368 672
1627 4163
2871 4999
3558 3944
3679 4870
1485 2990
629 1849
2037 1668
4168 4395
1670 1222
4688 2202
4444 4501
1993 1348
4004 4620
1051 4204
13 637
3947 3487
267 1206
4617 2955
2040 907
3171 992
1248 2966
4355 3331
537 3362
1360 1310
3829 1203
682 2791
820 1178
318 2658
2223 3751
1866 1032
2453 912
2298 4108
1959 1
3861 81
1117 2900
2822 3776
164 1916
4654 67
2335 4215
2674 3406
4764 4584
1754 396
1270 2600
1480 3123
2445 2946
3663 2314
3787 3349
1764 3301
2895 4313
2760 2149
4452 727
2996 1445
3775 4566
246 3813
2963 3126
485 1704
65 1664
3050 2861
121 955
2440 3996
943 4278
4236 2152
990 470
3871 659
4057 2527
469 1365
1263 214
4000 4083
704 2391
1862 401
2289 2006
43 709
2084 305
3816 2
2862 3494
49 4705
3945 275
4079 4961
1056 4130
1370 242
2265 1377
911 1738
4201 1518
4358 696
3643 4739
4382 1003
1579 104
4013 4968
4261 3515
4810 1044
3293 1143
4540 3157
4325 3405
3896 663
144 530
2880 195
1962 838
4095 3792
4 1020
1343 1496
2786 1964
1996 2997
3774 4487
4376 4543
1708 6
1982 30
3804 1750
1642 446
2078 2696
3465 1972
2539 649
873 3771
3247 1219
3244 626
4311 1989
4986 3811
3326 4055
3908 4805
1 719
4442 2128
4795 2375
3084 2422
37 306
3117 1162
1137 113
3193 3601
4397 3520
1068 4373
2149 4796
4084 2676
3181 2650
2633 445
1062 2541
650 2798
2336 608
321 1611
2454 4454
1724 1472
4824 1907
2571 3000
289 1504
4524 3523
1302 884
2752 3376
4645 2427
1880 495
1332 3962
1344 1612
4085 726
4409 2322
3417 1880
32 3476
3136 4440
2693 4766
3596 4099
3938 1555
1349 4601
2949 3403
639 886
3319 371
606 4213
878 4577
4077 1510
2910 1064
3797 3359
4989 4071
342 956
681 75
4483 1884
2344 1202
3510 3986
2142 4593
3367 1440
120 297
2198 4743
3883 3750
2236 4396
1214 1066
4381 389
2333 2504
3384 1076
2425 227
4283 3600
4841 3377
3499 784
1650 4344
1329 1909
4974 666
574 836
4041 450
3760 4299
4717 2334
1486 2251
3634 2057
730 1673
3484 0
4032 3083
2721 2446
4017 571
366 1549
4704 1233
4295 1683
4140 4028
3781 4912
1872 3801
4076 453
280 1362
3952 1771
1519 4679
3535 4436
1700 144
4142 2766
609 4588
4518 1288
4786 1126
670 800
742 2106
1889 2984
324 3239
3642 2156
960 4966
4113 4003
118 4004
2079 3953
596 2921
1538 2436
3728 2732
88 338
4433 19
4802 3330
3909 3055
840 3408
2898 3606
1038 2586
1761 996
4532 3774
1226 2539
3536 1923
4555 3010
3178 4956
3958 4416
2072 3867
4847 2639
4556 3762
4290 3793
4015 2231
2466 3297
3719 1561
2027 4664
862 3246
887 3810
3995 1095
668 3305
3813 2193
4423 121
1530 2249
1534 115
4208 1264
4680 263
1687 1250
726 3095
1705 2763
3543 2993
754 2781
2564 4702
1647 4858
3131 4918
333 2154
2758 1954
113 1417
2862 2751
152 811
2348 4233
4924 3102
3249 1845
3497 4991
1053 4612
4078 894
2355 477
626 4205
1592 3993
569 877
3203 596
1599 410
472 4589
4172 3449
1205 3475
1529 549
4884 3587
3299 3529
73 1136
2927 4279
3318 3472
4911 4301
3006 1800
4828 1646
1943 3934
2234 3819
2172 3847
3189 3266
1571 2612
952 3089
4770 1802
4299 3631
380 3039
4431 3368
3782 1253
3970 1130
4070 2843
4538 2239
3418 2213
3008 845
1324 1966
3756 1978
2471 2797
365 4833
3501 2735
2278 2965
2970 4906
1626 3065
2655 3240
2748 1559
2945 1749
4952 1507
1915 231
565 4957
1755 429
1741 2823
1230 1848
4504 1503
4740 3673
989 3303
915 3873
3860 2179
3700 3731
1745 223
1576 4775
3832 3621
4139 4467
3348 4280
3003 2745
522 180
665 3680
2902 4110
348 619
3884 4068
951 4875
1256 3180
3067 3841
2059 3557
1935 29
1570 2281
4748 3828
137 3204
2492 798
3625 1940
276 4041
1070 4450
3757 2987
4014 1128
1950 707
2687 4558
2666 3895
4557 4735
780 4953
3996 758
1807 1914
859 2352
4900 3683
4109 2459
4597 4469
884 4353
1031 4274
2530 1694
287 1759
651 3602
3833 2183
2602 1019
4644 3319
2115 4850
2431 3902
1083 3112
2668 693
3619 1702
762 3081
3029 156
4063 4008
1604 2271
3191 3399
4097 767
3290 890
3727 3596
4151 328
1932 1873
1029 1823
20 3486
3491 4413
1146 1676
1721 3754
952 1737
4336 3659
4966 4367
2585 4731
806 4235
252 4882
3286 3435
1306 473
3749 601
1130 4723
4129 1035
3903 1022
1177 3356
4547 4236
1297 4472
2210 587
4186 985
932 2694
1682 4443
2646 3071
205 1181
4581 1913
659 893
758 1021
2211 690
3798 2098
1264 1578
3228 4535
1483 3103
4733 1520
2690 3891
1577 2471
3342 3109
3385 2690
4890 3688
4681 3661
2391 4971
2613 1846
2844 238
2673 3831
1253 4284
849 4652
3579 3547
2962 1357
2743 1478
719 4656
1087 332
584 4943
3426 4989
1088 4291
4777 508
371 39
1459 4208
917 2772
3556 2163
3997 1031
1460 1154
4613 2576
1881 3710
223 3075
3120 3342
385 3921
62 2692
3452 1151
4798 4930
346 3726
3645 1557
613 692
2233 139
2188 3314
4773 3391
2987 2737
510 4703
2972 2065
2990 4159
3450 4250
4745 3232
3150 3264
3681 2485
4639 479
7 2967
1913 4954
3216 185
1674 3848
1112 2266
4069 1115
4345 2756
3731 1280
4967 1329
3666 33
3925 3943
1887 4321
738 4112
2405 625
2788 1772
597 2494
2847 1397
3834 4080
3578 352
1054 4855
3569 3442
1152 201
1131 3932
2056 177
3422 1949
4585 1137
0 2435
1452 1794
557 1316
1521 2626
605 1691
2772 932
3196 3912
576 4951
4767 3579
420 394
1957 1323
732 2130
3878 2274
4965 1697
2179 1525
2768 1171
3852 1996
3406 4323
3038 1878
2943 769
1260 4478
486 1168
2794 4437
2135 2953
1656 846
1364 1481
2303 4553
46 489
804 3614
4300 3767
817 1102
2759 4398
3235 2513
3729 3835
3288 1895
4496 1311
39 9
3919 1414
195 4518
1548 1286
2048 2253
4411 3928
4865 2038
3850 2118
4600 4671
2242 2222
4065 4078
2073 2867
3434 197
4907 1400
3311 4419
2891 1271
3998 1192
1204 2102
3653 968
589 4165
4833 4816
1443 4792
3746 4597
2638 2074
4792 2395
2705 3897
1879 899
3545 1946
1643 2653
4365 80
2865 1087
3845 3825
2386 2457
4039 240
4813 4376
4465 2046
2868 1235
1836 3110
3778 2872
4268 4253
4464 3036
1301 2517
4451 4453
468 2134
3651 1678
1165 137
938 943
4420 4172
1094 2931
2449 771
4296 1148
2583 535
181 1601
1923 3061
3771 23
2647 3121
409 1212
3683 806
80 950
4220 1628
562 340
2873 4254
3609 4034
4477 1186
3563 2036
2700 3086
2894 3090
1750 4818
3144 209
4169 934
3308 3178
2485 1426
3840 763
4856 875
934 967
4088 2167
4665 1406
3481 3207
2487 43
3071 1257
4507 1595
3448 562
1413 1332
1368 357
4484 1394
2878 1467
2248 1324
2926 4050
2683 3171
2817 2973
4391 4678
4586 129
1191 1576
4818 2496
30 3426
4601 3072
2091 93
3036 3506
2249 2278
2723 1705
2411 4260
2724 4370
476 2948
4912 1194
4523 2337
3615 900
2258 3407
1606 4375
2605 3639
184 3143
147 2922
1973 1303
1118 3702
2215 4249
3706 2891
970 431
1759 3565
2025 2155
822 1409
1899 638
2365 1663
1192 1477
3289 3576
1303 2358
3101 2414
795 4712
501 4895
858 1717
2846 262
4837 1606
4405 3707
4363 4231
2263 789
1457 2308
4515 2722
3732 2474
388 4650
4384 4526
2366 2577
4453 2207
1522 2158
2359 247
1262 4258
4435 924
3473 572
2574 3190
4852 2182
443 1057
786 1232
2801 4942
1997 4753
227 4334
3672 2685
4722 4660
4937 3128
2921 3686
2657 1384
2672 4465
2824 2903
1974 4167
3498 3857
723 3980
188 48
1620 981
4181 859
4125 3979
3697 4481
3074 3498
3161 4563
2622 1826
2010 4768
673 2978
3317 2310
3885 2219
1108 4477
961 441
912 2068
2177 4905
2134 3770
2216 3780
3151 1979
3972 4603
369 848
3274 2127
4980 4473
3128 4947
848 2151
4468 2855
111 2882
4589 4420
4396 856
3102 4136
4776 1586
1158 2019
279 2286
1496 2059
389 3315
3253 1268
4312 3134
2676 3382
1851 1037
2418 2712
329 3634
2352 2112
3202 1300
3213 1852
4862 4320
2209 455
4441 4255
433 4997
1334 507
3442 34
3992 2774
4628 2899
272 4160
3576 1602
4485 3155
424 1775
2640 4695
2645 887
344 3283
4289 1174
4443 2667
4987 770
1520 3950
211 4608
4075 3491
1732 1889
4437 860
463 361
3134 4841
1181 3493
3618 4206
288 1763
4577 3763
3913 2301
2795 2497
3665 2801
1864 347
106 3826
3118 2849
3173 4559
1110 2720
2406 467
2410 1017
3241 3572
4553 4857
1235 1762
1999 3135
2856 243
751 4606
4319 3585
642 2555
4631 3074
3019 2521
2797 4935
4582 1374
3917 4361
2422 2388
4350 788
3848 2311
2245 4082
776 2425
199 3846
2997 2619
2390 1778
1049 4240
2562 3078
658 547
957 434
2479 2723
1831 2284
2155 219
4028 607
4455 2771
2292 2412
2636 2283
4279 4019
91 4188
1933 818
1912 4387
343 3302
208 3898
1834 4854
4280 4049
2663 2559
2883 3365
3224 271
3023 4067
3561 2726
863 1745
3333 1184
3890 1180
3477 4881
58 4761
2688 4771
4147 4044
92 3870
103 50
4463 2089
1614 4580
3838 3341
2199 4445
4418 2534
841 2536
302 3684
120 3525
2648 1527
3514 125
4006 2465
2885 2141
1681 3735
2301 2218
4621 2360
1212 664
3714 2434
3570 4209
3793 1267
4243 559
4781 1055
3629 2515
706 3119
4099 1261
4238 2672
1319 1851
504 4176
1247 3927
797 178
909 1208
2624 1140
3734 2665
4049 1335
2441 3222
3414 4571
244 3251
1225 2582
836 3765
4592 1291
1266 288
4562 314
3546 1575
2384 3830
2097 1101
1245 2268
536 2959
4476 1792
656 2079
546 4293
1164 3637
2232 1671
2838 2884
4218 2015
4148 1494
3953 267
1854 1890
988 2067
3138 3660
1909 3769
1272 374
906 3127
2884 2440
1421 1689
3037 336
2731 1464
3626 2561
1989 3016
2443 2039
4407 1564
2491 4690
800 1523
2521 2885
4267 2344
3149 3120
3814 1955
3916 2856
247 1795
3292 3907
925 1915
3637 4076
2255 3534
4602 2718
4472 1732
3182 3869
1044 427
2535 1231
3518 4598
1428 4489
1744 1079
3411 2384
947 2654
3921 3122
772 3158
922 3894
356 196
1512 4364
2368 3284
1286 4048
1602 1242
2493 4534
2630 4738
4470 705
4992 217
1279 3800
130 517
3959 3170
588 3164
3058 3794
406 4694
1877 3757
4183 1045
2899 2518
3882 2104
1665 2659
2392 1925
4811 3744
4284 2906
1340 2032
4370 1103
421 4415
3368 111
4603 2393
3773 595
3910 105
133 990
135 2678
4133 2970
296 4226
1729 3909
189 2839
3111 2476
1992 1983
1654 4649
4306 817
1636 1081
3220 3108
1802 2441
3784 1547
2370 1803
4893 3344
696 395
2505 1371
4304 158
4943 4759
3276 454
1154 1644
3492 1015
1883 1571
4224 3570
3673 1000
3525 2566
3116 2348
993 1439
1865 2399
3504 3009
563 2347
398 2657
2639 4251
1857 1699
87 2447
42 4269
505 2901
1934 2210
2621 4710
4061 1974
4271 1956
4610 1650
4424 3593
712 1141
3847 1305
271 3146
2994 3786
3409 237
2634 4121
880 4548
4197 1934
782 4303
3001 3824
1975 1036
2400 4804
2669 1147
4849 1980
4889 1781
4814 1638
3956 2985
3856 2008
2260 696
2637 2300
1356 3457
2558 3298
4619 327
3261 969
4375 2054
1605 1499
500 3042
3110 4830
2 3797
85 701
440 1276
4438 254
3984 1152
4038 4733
1342 2413
514 1521
1503 4736
107 4444
3345 2526
632 184
494 3116
2026 1528
2499 2034
3614 1640
787 2980
3835 4129
2065 192
3708 1867
722 376
3687 1543
4207 684
171 839
1919 4049
4278 3713
4916 1013
3485 1626
1007 2041
3698 2542
320 1201
3059 1497
2942 1438
230 3988
3927 1040
2133 4539
2139 152
1539 3481
1430 3327
2874 4510
1357 1114
4402 415
53 2259
48 2040
3486 3114
1385 3244
1291 3584
1196 1548
4625 3978
226 2850
2109 3516
3451 2051
4821 3462
3305 4996
4252 2525
2776 816
3854 4909
4858 3052
3401 79
2774 3397
3025 2767
1400 2066
631 713
2051 4431
667 3350
4679 4439
3446 1714
4228 4345
1012 2630
4374 3823
698 3821
2329 847
4136 3919
148 443
4950 1868
1946 986
4857 4941
2287 3025
4459 1777
2338 3293
1155 1195
1628 1089
4535 137
1634 3076
2925 652
1986 1764
1981 1519
4990 643
1944 4060
3344 1450
1215 1793
1199 4699
4891 512
4302 262
2316 1560
3306 4232
2404 4979
1679 2064
4609 3990
2452 4332
2343 1587
68 1349
4214 1809
898 2280
4037 1424
2819 1947
3073 2575
1910 4599
1362 1589
4878 1367
3703 2495
2050 490
40 1432
1312 757
743 4907
2164 1448
1860 1112
2745 2398
3794 1224
3531 1283
1591 879
