789
418 37
340 696
179 757
637 227
55 204
705 533
304 437
738 283
120 534
726 568
314 191
775 684
303 438
350 743
233 625
103 536
6 661
273 571
653 485
83 426
183 469
576 495
275 621
757 84
181 593
740 317
80 162
77 453
435 768
39 731
627 729
471 780
101 224
206 34
106 377
218 133
240 134
540 652
413 152
86 535
594 119
371 70
197 379
559 10
786 71
240 318
379 319
672 564
184 236
587 158
29 660
270 318
261 435
740 470
52 771
402 727
636 168
124 513
413 611
544 740
666 672
486 253
137 570
67 437
390 314
591 582
276 389
57 740
576 8
115 729
101 701
262 543
539 453
154 55
233 758
701 468
582 689
538 172
153 224
413 342
787 301
210 495
173 302
518 271
211 724
277 80
700 448
511 735
102 50
174 50
116 420
379 664
1 137
147 705
576 183
461 26
293 779
225 179
310 376
311 94
211 375
583 500
506 158
469 85
480 318
726 755
143 198
696 265
567 402
173 607
645 641
94 11
461 573
560 661
527 439
69 575
740 315
694 669
168 223
458 433
495 553
623 22
521 168
34 381
779 30
707 569
600 172
344 10
135 80
779 415
24 229
137 82
259 688
143 355
395 50
136 301
460 219
328 650
389 8
632 101
670 347
139 455
469 360
315 40
364 530
364 479
124 653
295 359
77 211
746 740
388 775
628 439
429 281
483 623
314 657
120 363
339 743
629 437
370 489
615 660
632 650
628 729
557 281
357 137
680 463
281 227
38 388
403 655
364 164
349 120
237 4
101 420
328 132
71 313
140 39
579 171
398 80
331 757
342 719
757 585
301 220
770 38
301 294
466 271
465 510
279 361
320 284
103 307
696 356
429 39
130 645
606 594
608 237
327 554
467 163
50 675
61 71
267 726
121 778
622 253
20 143
645 393
211 613
601 623
428 233
639 569
485 747
291 771
305 50
431 64
555 719
257 432
71 702
262 505
402 240
571 240
372 250
167 616
488 735
572 778
441 423
80 776
771 577
435 9
557 484
342 281
173 502
88 71
437 179
580 474
359 632
549 771
584 120
659 55
616 446
231 764
594 190
58 612
519 34
202 579
172 297
257 534
680 725
705 676
101 423
403 768
237 49
271 101
173 101
78 71
490 612
582 179
182 379
371 12
749 262
192 474
558 364
47 680
38 128
619 726
111 401
161 388
10 400
300 579
249 233
358 487
76 342
112 137
347 33
487 247
186 224
406 495
751 371
547 623
467 17
168 58
172 526
364 443
347 148
413 679
314 499
429 80
771 603
342 10
497 696
376 429
773 672
346 137
640 271
507 465
553 74
612 91
705 100
429 672
422 347
58 648
194 94
222 134
324 377
403 59
465 89
499 250
172 759
429 301
50 436
743 658
660 315
107 487
682 467
757 348
179 779
43 172
520 579
448 768
257 383
469 412
257 90
377 48
18 672
656 333
645 617
469 409
76 492
303 14
71 477
469 23
476 259
101 94
778 407
71 563
582 592
168 159
771 430
413 531
771 683
779 362
199 161
775 503
168 228
516 485
729 126
399 680
616 706
541 743
528 425
39 386
778 13
129 594
499 726
433 201
330 528
447 579
735 524
92 250
80 714
250 478
165 184
517 314
342 736
750 376
626 593
71 451
593 416
241 402
388 467
465 445
632 77
501 433
778 51
218 322
414 583
262 596
379 380
550 433
55 149
680 332
172 785
643 740
760 318
359 735
58 328
462 593
76 434
60 388
64 101
318 177
561 738
453 44
318 713
652 768
373 10
195 535
633 729
498 757
150 729
741 487
95 402
426 768
738 234
155 645
418 245
688 103
652 732
733 779
73 6
110 243
225 27
257 385
268 528
525 361
703 124
257 209
660 646
439 542
424 139
170 184
736 208
396 224
582 638
599 413
77 743
723 437
740 309
278 183
224 692
738 739
612 196
263 403
299 403
287 672
233 240
253 359
38 586
96 719
158 351
569 238
756 179
379 160
673 401
764 254
618 218
635 168
696 452
321 735
301 774
125 103
137 109
376 180
465 308
271 266
93 485
420 681
240 528
70 553
271 695
361 388
301 671
764 411
262 176
158 98
589 778
248 738
754 326
19 579
667 40
748 465
32 34
364 226
158 183
193 583
54 39
457 169
379 359
269 139
35 262
656 330
117 403
342 237
628 328
103 252
738 557
738 545
314 62
645 419
367 612
487 45
605 779
680 36
744 485
31 39
337 764
738 767
233 207
672 493
529 485
489 359
185 38
6 553
233 566
77 616
275 214
184 440
710 775
384 469
143 730
623 359
761 437
575 169
711 34
285 50
743 316
34 70
768 275
16 645
101 433
475 318
341 779
211 777
762 453
729 473
342 444
532 143
77 137
576 768
569 138
239 616
368 388
113 250
405 579
494 726
21 103
705 15
145 94
499 576
609 161
391 645
715 413
581 489
286 376
397 253
686 168
103 72
745 467
719 282
610 401
705 449
579 482
487 624
364 179
320 240
58 593
94 264
108 281
173 2
318 450
453 551
423 685
139 704
210 650
705 557
60 288
474 359
628 377
255 487
77 172
110 315
143 728
376 394
514 211
315 535
499 55
623 246
548 184
578 582
408 594
594 323
173 99
347 653
614 124
765 124
143 183
552 437
127 433
632 688
708 768
461 697
200 139
680 58
143 698
508 779
459 303
146 55
426 296
87 403
631 420
779 343
649 469
359 262
688 327
764 768
402 537
743 175
172 166
281 388
10 753
461 709
94 312
594 737
729 366
782 257
590 485
742 616
645 429
528 227
314 244
40 784
55 642
144 756
211 122
598 418
271 97
28 764
76 721
328 169
108 139
184 315
55 365
754 781
292 139
499 71
766 571
272 738
771 212
594 644
509 650
630 39
569 788
24 359
143 634
58 487
602 94
595 262
437 392
211 783
219 456
726 242
489 720
569 336
778 388
616 187
678 38
485 674
56 420
53 593
769 361
654 680
227 210
467 178
376 217
722 474
571 280
680 141
179 553
534 219
378 413
426 123
55 260
3 623
325 571
275 421
528 534
672 189
413 574
259 105
439 335
582 504
653 763
691 465
68 55
104 314
604 361
485 5
303 70
780 58
454 137
594 388
39 63
368 690
7 453
345 435
157 435
512 330
235 168
569 240
250 131
203 250
39 647
218 315
94 668
379 522
118 680
672 597
352 743
262 290
464 461
662 453
768 465
251 211
342 418
94 417
66 34
108 694
712 257
687 211
653 632
65 361
734 418
553 565
716 612
660 562
256 645
401 46
81 80
557 401
651 173
328 232
764 329
387 571
216 594
271 442
124 472
696 8
338 582
258 672
402 353
579 772
491 250
172 41
499 579
50 752
612 699
0 453
75 771
764 718
402 620
705 382
660 677
221 259
342 50
461 315
569 665
215 465
764 42
315 576
108 754
754 481
404 301
218 369
289 368
437 298
39 717
156 318
306 361
354 467
379 523
652 205
775 188
219 334
588 224
25 696
34 496
583 8
151 612
515 402
556 124
771 315
233 142
230 124
374 402
433 663
364 427
648 274
461 693
184 546
701 79
114 137
410 10
213 371
294 285
49 262
543 415
71 529
43 204
160 563
115 550
317 484
675 658
779 103
609 456
194 201
538 471
769 587
633 358
490 641
258 369
637 138
87 111
199 412
639 10
262 478
104 285
75 769
109 626
113 779
711 382
349 545
191 37
539 238
126 666
468 662
136 746
283 85
312 375
360 10
187 241
241 334
406 268
684 121
662 721
247 648
652 40
16 122
45 168
516 507
286 580
582 539
633 288
520 331
629 734
505 303
234 370
417 629
402 333
197 234
184 420
780 641
102 578
578 14
229 246
333 329
144 70
478 528
222 302
69 60
318 784
563 743
70 507
282 338
229 565
350 121
284 258
23 108
666 648
572 258
666 592
454 647
382 393
16 196
453 781
457 197
679 520
763 662
45 615
147 662
279 70
117 94
426 4
145 623
222 787
647 309
16 454
733 285
382 106
162 637
308 478
609 315
224 121
557 16
692 250
49 345
530 23
578 717
63 521
41 769
775 209
13 209
440 303
756 759
176 8
551 234
756 373
760 488
313 516
551 51
474 583
186 609
382 64
467 222
687 262
127 760
768 567
749 672
469 478
300 494
10 524
170 541
613 736
209 752
94 542
281 641
181 460
658 404
207 10
453 99
518 184
672 501
227 314
627 111
321 595
120 649
23 356
422 205
407 31
589 49
714 609
283 50
215 92
479 339
185 423
690 710
184 298
328 288
143 176
520 626
121 766
634 94
234 515
115 199
234 316
608 556
70 24
129 141
92 567
262 181
729 201
494 158
237 349
262 419
244 463
609 389
454 453
478 483
285 125
466 35
164 23
253 629
471 262
215 691
234 662
326 286
637 784
529 507
738 145
454 318
381 609
109 397
46 760
145 376
184 503
454 504
306 120
491 82
500 259
502 201
768 124
23 434
307 126
719 286
184 361
175 643
664 31
60 742
272 291
784 111
756 570
672 750
663 673
370 355
268 84
340 760
674 760
498 312
444 608
779 547
72 415
463 737
411 359
508 637
185 715
126 311
515 156
172 170
223 358
490 129
183 318
222 703
199 408
536 333
548 632
303 584
183 736
201 182
658 761
696 486
394 699
9 779
333 171
229 700
120 148
642 288
584 692
16 443
157 668
140 507
262 136
232 288
426 262
611 465
480 672
495 155
756 263
489 494
529 532
722 37
81 756
433 35
421 241
515 371
60 606
168 583
658 97
1 765
333 168
479 555
151 515
268 257
343 115
612 495
667 478
425 515
773 149
760 620
248 479
638 45
765 395
170 28
209 714
649 697
607 384
430 648
706 88
472 149
174 303
333 305
520 689
765 80
30 175
633 599
378 126
593 521
584 268
164 521
121 240
641 448
494 163
94 275
225 668
215 669
398 181
762 358
105 392
493 692
175 21
463 368
175 164
673 569
241 502
296 286
203 60
496 233
140 636
88 731
170 131
241 22
23 100
145 0
422 502
303 295
576 258
286 33
471 178
727 494
578 47
222 200
7 527
495 234
662 771
353 219
362 16
454 578
235 175
465 566
10 789
736 96
588 272
229 116
175 519
502 170
306 314
769 619
277 215
662 11
509 327
180 262
306 494
573 529
409 563
58 633
454 312
756 523
18 266
464 111
435 453
209 352
82 249
419 101
222 168
629 254
584 479
527 635
422 271
683 422
708 149
181 778
463 239
608 633
259 567
716 94
166 88
507 408
583 202
92 672
490 527
596 454
666 658
592 235
35 497
31 243
351 521
507 710
5 416
35 677
471 705
410 463
31 15
626 592
644 463
210 115
3 58
645 422
533 312
272 507
70 754
34 149
494 630
42 303
478 603
485 126
516 255
772 633
428 672
709 35
450 595
370 776
453 388
478 579
769 324
181 522
276 583
222 39
95 539
386 129
400 209
74 583
262 592
554 18
544 463
347 92
583 385
170 367
728 629
581 426
199 668
359 519
673 492
668 559
285 267
258 584
512 10
563 650
670 145
422 755
303 107
666 184
78 145
575 219
336 35
447 219
114 539
38 756
648 476
678 696
453 405
366 658
465 306
219 234
222 150
526 183
31 553
121 617
714 756
608 449
88 724
500 649
394 192
584 765
626 496
283 714
574 736
190 607
45 301
177 235
739 283
614 629
342 181
633 82
753 215
704 419
154 180
718 303
399 583
330 563
471 665
595 304
506 164
209 293
562 779
380 219
592 128
408 714
92 37
769 507
25 479
563 666
765 387
426 76
137 633
413 422
364 463
218 453
82 788
548 164
668 549
31 622
563 439
164 673
391 479
110 358
594 696
10 310
219 513
269 772
671 129
723 358
438 539
142 58
571 596
19 658
338 57
70 53
641 785
521 546
322 583
537 520
184 213
170 473
83 229
283 12
242 312
21 18
529 481
640 668
303 701
408 234
672 152
419 65
500 235
283 748
698 258
119 259
118 229
35 685
66 286
6 58
92 94
730 184
598 652
128 607
426 605
79 31
188 283
760 666
744 599
18 745
610 696
641 499
18 348
740 527
132 765
318 633
140 487
600 465
354 229
696 128
770 563
726 126
45 424
764 415
209 602
668 323
133 37
168 43
37 193
45 534
672 707
289 201
229 502
214 349
140 264
463 653
446 35
783 23
482 120
48 121
199 629
539 597
672 445
358 782
149 693
529 256
662 767
185 26
130 583
517 478
208 285
70 390
325 609
192 55
349 230
195 287
21 195
146 658
332 637
432 16
61 10
241 462
220 195
90 268
211 696
567 89
621 149
712 519
578 265
128 568
159 184
217 637
427 772
682 215
91 422
21 185
195 93
592 584
77 652
429 608
215 139
654 506
320 121
221 509
637 274
511 349
136 54
495 173
192 120
668 273
149 454
657 181
136 365
769 245
29 201
31 714
586 520
258 561
616 647
377 349
379 529
618 658
608 73
183 349
451 658
285 128
514 215
259 408
176 507
121 502
94 280
502 318
272 134
337 219
164 382
584 5
732 149
234 595
161 23
648 414
216 521
228 115
168 120
98 504
479 346
396 629
36 18
183 145
60 282
779 92
463 164
226 88
344 45
45 625
189 94
756 702
437 126
688 37
531 49
725 504
736 656
285 590
168 88
314 372
426 475
768 774
229 418
18 319
673 735
455 140
10 651
403 31
382 179
209 20
564 479
382 477
59 109
633 35
10 507
145 290
62 595
509 584
282 652
747 696
68 149
184 335
347 631
392 92
126 401
585 60
539 454
27 37
595 552
18 165
206 673
567 591
374 760
442 784
720 358
458 209
197 461
470 349
777 126
607 758
236 222
357 215
282 408
2 272
252 88
584 415
521 292
459 696
363 285
241 341
168 317
140 452
229 260
109 577
714 286
649 318
490 567
695 641
370 659
382 56
595 525
153 422
67 268
299 197
278 31
595 680
648 540
126 44
60 212
694 382
167 765
648 535
251 145
641 17
303 436
215 112
231 88
270 222
422 32
558 595
169 607
757 629
201 751
601 520
686 286
681 494
37 713
646 539
442 52
415 560
198 58
676 662
786 121
358 661
426 441
297 756
774 123
660 314
170 135
283 655
510 608
149 741
604 426
358 624
772 628
529 431
521 383
261 241
86 426
