115
59 51
100 12
75 102
64 0
0 76
63 82
26 33
26 36
9 3
52 7
23 76
52 71
40 65
6 102
94 28
68 85
17 88
90 4
61 30
1 97
13 0
54 4
63 79
92 29
66 88
75 43
22 99
102 44
16 50
99 42
109 63
47 15
80 23
89 15
59 11
40 0
49 57
89 68
24 62
91 57
51 89
107 64
89 100
6 42
73 33
61 97
37 15
43 110
52 114
99 101
96 1
104 21
67 33
53 59
71 18
31 76
84 51
45 76
10 94
89 38
16 108
25 29
111 9
97 93
39 38
40 2
113 100
97 110
51 95
41 38
5 77
34 13
4 55
6 32
20 56
23 48
82 29
58 53
106 6
36 78
70 1
35 1
21 105
103 94
112 20
5 102
29 98
4 0
74 20
21 42
42 88
26 24
60 64
94 52
82 94
43 80
69 51
81 6
42 20
8 48
15 27
13 86
7 43
14 33
36 72
26 1
82 57
43 11
59 19
82 9
26 16
46 23
87 24
83 76
44 71
24 41
84 49
114 91
45 39
46 75
75 113
32 81
114 110
104 75
17 33
12 66
45 37
14 101
90 84
55 2
63 18
14 39
11 94
41 86
61 67
50 72
62 44
79 112
59 63
64 99
1 82
71 35
10 7
14 95
104 86
54 86
31 114
42 33
89 84
58 22
17 40
51 107
78 40
63 71
17 97
105 43
99 102
96 71
14 28
26 111
36 58
86 63
82 2
96 15
49 115
69 65
16 96
39 46
0 35
84 31
23 1
47 66
17 65
69 83
11 4
56 34
70 35
10 87
68 61
51 13
108 75
96 6
98 105
27 65
103 85
65 48
108 69
13 25
8 38
52 33
2 93
74 66
113 13
61 31
61 106
31 11
21 50
92 84
79 69
57 103
8 73
82 50
12 103
88 34
97 109
75 115
76 1
2 100
80 63
49 20
50 13
5 10
30 97
99 71
19 65
3 50
9 39
111 49
17 10
77 81
58 82
105 82
8 31
29 66
14 12
53 40
12 34
44 60
81 12
