226
205 224
151 178
70 2
46 127
203 195
187 161
171 56
133 170
6 123
11 63
161 142
27 64
42 65
163 115
213 16
209 6
219 55
29 15
58 185
84 200
7 28
164 16
98 38
122 59
110 102
72 195
93 205
84 65
77 199
23 87
133 61
109 194
20 88
3 46
166 42
138 118
147 2
218 14
45 163
33 205
71 151
134 44
79 22
146 46
148 19
134 70
101 213
211 91
210 133
145 211
79 186
104 33
73 156
167 58
110 31
72 179
87 27
163 159
65 118
96 210
79 171
72 107
61 168
98 108
59 131
85 70
47 2
202 103
195 215
131 173
84 189
42 204
216 125
94 54
32 163
168 213
33 7
19 182
81 106
165 213
11 0
197 27
130 6
58 53
94 72
51 219
115 56
6 206
168 56
122 198
155 216
29 57
156 26
34 16
104 37
42 11
102 6
181 98
118 25
134 154
46 172
143 183
151 220
205 39
106 1
46 141
132 115
16 219
30 156
170 68
16 88
31 143
33 42
118 192
114 161
24 122
122 177
201 150
65 121
170 157
210 60
113 151
180 79
193 87
213 59
43 94
19 27
8 104
84 82
199 70
111 161
18 36
50 171
89 170
66 179
166 4
135 194
202 59
211 129
31 46
124 194
52 94
112 162
59 74
184 56
42 12
90 58
218 223
50 212
134 5
194 83
21 87
76 7
33 106
161 169
118 214
158 211
87 175
165 156
79 119
105 33
133 218
100 163
156 126
92 6
63 168
40 131
125 63
19 176
29 139
13 2
29 31
35 134
217 164
105 152
110 125
67 188
218 78
156 149
140 107
207 50
128 211
117 218
29 137
85 116
197 168
79 196
153 163
69 58
62 171
222 199
65 162
84 97
48 58
90 197
133 160
210 17
49 210
98 165
9 87
190 219
194 184
219 10
2 225
80 7
191 88
70 144
67 221
121 120
67 41
98 86
201 90
125 95
110 72
115 211
62 75
151 31
18 27
151 136
208 104
131 174
99 7
171 161
67 16
125 85
118 134
107 88
104 123
189 191
187 149
18 87
16 103
134 50
29 116
33 5
105 214
115 32
134 163
11 4
175 32
36 31
143 83
107 84
211 135
55 144
20 151
52 35
14 151
129 151
179 54
18 200
117 170
18 107
173 171
143 16
1 201
32 96
120 75
152 214
208 84
156 92
161 177
38 66
150 174
128 141
225 192
158 162
193 170
146 192
32 125
132 210
216 151
213 60
27 207
139 30
17 211
57 214
52 0
90 210
101 66
1 219
30 170
76 201
67 149
78 203
211 144
202 192
166 196
203 56
119 3
55 168
191 75
223 86
92 46
151 138
1 207
180 215
66 28
214 19
141 158
69 157
209 140
217 210
138 213
75 47
86 118
21 213
68 179
153 3
31 169
84 39
204 52
207 186
58 167
33 183
161 185
32 42
192 59
3 107
51 144
111 151
96 143
194 162
104 80
7 164
226 141
199 173
117 22
1 65
138 117
44 149
172 85
153 65
48 74
116 153
16 174
130 155
114 4
67 49
73 224
137 155
144 117
29 141
98 31
29 106
214 109
96 34
63 140
62 75
172 83
96 79
79 142
100 86
102 193
133 213
141 173
40 52
219 97
158 198
30 64
206 161
143 109
179 118
180 212
84 43
7 118
24 69
161 41
179 45
165 31
150 48
155 1
69 220
117 16
67 61
70 12
158 140
18 15
2 12
52 173
161 197
149 23
213 124
6 66
203 148
107 180
13 86
149 188
134 136
159 179
153 167
166 141
134 81
82 211
162 89
104 67
198 25
66 191
192 127
4 158
150 210
191 103
113 172
160 69
210 110
170 203
181 172
75 154
131 199
178 162
9 4
55 222
99 179
213 71
190 32
8 211
31 77
184 55
79 121
218 153
10 170
69 173
176 12
84 93
144 224
171 147
192 96
174 67
191 12
109 31
92 158
149 53
155 122
145 18
34 221
195 214
161 91
61 26
65 206
210 108
65 118
95 140
16 116
144 33
37 30
86 205
86 94
140 72
112 109
104 182
172 126
