1139
1031 53
572 764
332 492
955 566
777 452
785 971
64 423
239 964
375 1129
298 251
688 740
339 466
495 122
89 14
1053 78
71 108
82 623
560 313
443 914
1002 744
331 461
528 566
541 1130
949 279
1108 425
569 762
163 316
783 692
607 405
111 1076
649 693
819 69
876 115
764 603
1138 497
449 350
43 354
984 599
905 787
129 617
665 950
8 204
153 700
109 1074
130 728
602 322
1074 1104
481 666
291 684
616 596
144 1080
464 652
1129 869
903 1079
944 459
941 157
215 341
597 840
619 684
436 851
582 1130
1121 443
584 482
943 951
697 926
833 399
817 356
911 373
1064 17
290 727
114 637
977 410
491 979
98 250
173 286
28 918
724 343
575 934
102 654
1096 311
628 206
103 972
944 959
939 1018
339 323
218 1091
727 922
271 239
342 1030
796 340
441 956
129 547
511 1007
106 573
805 31
605 823
387 611
1105 778
652 890
246 308
1055 330
823 615
109 581
928 693
472 818
447 841
428 130
1010 229
239 726
226 280
345 197
549 114
25 646
646 612
418 1105
836 313
352 158
1093 1117
1064 446
77 930
270 862
53 689
257 50
364 464
743 235
809 304
657 838
69 837
744 487
1033 927
193 12
924 437
798 462
782 691
601 753
466 925
1026 1024
306 269
150 441
88 267
702 526
876 580
875 5
967 588
977 295
607 1023
1067 44
458 153
82 756
1110 415
835 264
1138 1123
1055 123
77 801
752 262
845 34
857 633
531 1076
232 99
1134 738
126 943
506 944
546 656
299 1040
485 1005
349 544
667 810
758 75
588 457
740 881
1030 1053
830 1072
501 263
976 587
1009 98
863 282
316 487
967 7
1091 201
43 844
99 134
29 240
225 421
767 429
187 871
917 961
1091 495
350 333
831 452
1104 888
339 761
942 678
570 1037
540 273
396 1012
345 234
1135 560
945 801
545 441
607 747
973 84
1028 128
1131 735
889 504
493 898
44 1070
256 436
710 461
652 474
1119 810
267 567
937 585
245 106
271 981
339 87
739 251
122 605
820 279
176 863
488 328
307 764
9 274
724 1084
296 422
44 636
791 190
19 1035
1083 341
943 160
35 1048
768 776
527 1082
482 1094
122 226
275 209
669 889
134 1132
397 177
1105 125
603 220
412 851
195 393
855 556
868 569
511 775
75 330
769 935
136 745
842 1071
901 400
614 1053
507 723
736 259
523 721
1054 658
1137 727
44 455
39 1067
573 525
464 866
151 1040
960 71
426 548
294 1031
466 211
383 415
807 1018
658 662
1057 935
1048 518
1128 190
355 178
911 639
380 32
68 485
136 1025
796 15
98 776
443 640
570 530
706 944
232 353
437 910
483 221
203 463
1111 349
1102 810
678 772
740 309
432 905
653 369
724 419
1091 826
1026 149
161 857
789 425
43 303
659 73
477 492
877 664
724 68
701 492
224 614
865 21
16 203
347 566
100 562
423 963
850 364
628 265
539 698
162 1053
988 596
576 898
400 708
175 108
441 600
374 487
145 461
771 694
450 782
1117 216
841 348
435 1013
254 452
453 109
566 1003
98 1082
1101 792
285 961
187 666
135 382
897 943
592 570
663 294
1120 153
773 0
127 761
960 362
100 57
1 737
950 192
957 1109
593 22
628 1002
162 596
83 871
889 396
1106 148
948 429
886 653
315 177
435 199
528 1032
292 414
18 77
129 952
204 829
1117 702
440 981
1078 345
854 69
45 236
187 659
930 365
1020 77
497 650
858 294
22 891
315 422
395 841
1028 902
785 662
112 302
830 1034
281 105
66 435
350 297
724 770
789 229
721 1133
79 707
359 108
190 162
599 913
287 100
796 401
916 597
492 162
301 608
934 167
148 601
180 10
148 28
537 118
557 911
633 491
590 479
306 37
346 810
186 981
57 169
587 488
1048 574
979 908
949 668
508 806
408 429
817 896
226 435
276 570
436 646
672 1071
540 363
1026 799
821 174
814 609
569 498
320 345
365 382
233 427
240 943
824 684
510 926
339 635
94 1079
1055 431
366 365
1109 146
4 863
586 722
337 1045
1138 703
602 268
49 417
846 908
1091 1022
1055 361
180 682
144 904
569 57
58 983
614 1064
801 677
970 519
659 794
834 511
534 316
1071 1138
1109 677
1026 813
821 496
484 83
301 545
806 71
515 425
267 505
171 543
304 214
843 1064
497 456
1120 413
342 1107
46 16
360 286
806 420
705 1027
666 1042
233 187
893 877
323 80
488 38
1130 828
803 129
466 583
749 510
1062 263
911 587
476 304
138 851
887 597
425 411
100 247
483 633
457 121
462 990
977 994
950 32
281 1092
983 1043
602 179
847 497
71 598
122 83
389 109
956 366
84 815
560 293
1031 157
225 919
172 1018
1027 889
350 509
586 525
745 633
203 716
605 292
545 848
806 517
130 1028
470 421
912 764
407 621
510 930
882 656
948 926
755 292
250 61
614 1063
1087 491
1120 305
1039 109
262 486
1123 1052
180 124
170 16
561 754
899 652
833 890
507 595
239 933
1138 31
93 301
1138 355
1088 554
374 1001
601 512
472 783
478 43
1111 683
825 396
283 203
31 368
457 929
472 1073
106 930
984 857
866 907
30 496
334 457
950 795
448 69
948 103
899 366
118 1061
528 20
212 908
371 306
686 19
813 692
436 1105
69 330
1033 424
579 195
866 6
721 221
443 1113
578 275
102 441
741 1025
380 870
684 984
1074 999
245 315
370 239
202 30
666 1116
194 589
213 82
300 587
142 1114
183 1130
727 818
289 707
646 249
712 570
324 1033
32 245
982 313
1114 1010
177 198
878 106
349 798
380 883
276 692
1010 169
905 718
112 841
949 1076
507 719
68 598
545 522
776 76
611 948
475 162
962 589
690 231
502 1120
670 53
457 1051
714 495
100 514
740 276
625 560
1065 621
396 329
1040 697
804 1002
519 74
275 872
417 756
106 1053
280 467
909 207
851 52
855 774
1105 326
544 685
288 646
553 806
754 113
735 276
226 306
220 793
1046 19
1088 704
552 382
485 101
589 474
611 489
1098 528
898 789
555 655
421 355
46 751
200 267
1114 832
801 436
57 345
281 879
116 833
178 264
365 683
566 827
750 482
666 480
525 1088
336 108
817 600
504 564
634 205
221 377
139 876
1068 68
709 935
1071 132
278 737
917 787
204 681
989 415
488 327
1000 830
168 195
693 788
165 1112
1029 830
415 949
1129 648
109 1099
366 1096
181 470
692 321
180 33
271 573
53 711
473 1064
764 516
251 1095
20 802
811 12
261 931
855 499
965 628
495 341
248 934
85 177
285 275
645 1109
323 156
308 191
264 40
787 863
657 48
31 1086
70 136
1129 317
900 102
738 1100
754 95
656 260
266 848
591 1112
16 511
392 20
533 21
977 379
59 341
1048 223
738 468
262 391
313 1018
822 642
935 938
845 426
535 190
1089 981
622 855
141 659
1067 204
153 118
1011 642
264 968
1136 75
525 906
884 390
372 263
26 697
760 112
519 273
225 860
692 407
28 1111
1090 177
981 1047
230 157
874 304
961 683
430 1021
71 642
934 330
1096 355
83 382
504 378
84 97
302 633
597 953
364 529
852 560
98 45
1091 958
31 36
1020 720
697 114
42 560
631 666
219 281
633 683
707 946
161 390
765 611
700 808
208 9
866 800
273 692
993 690
898 1122
999 731
915 764
525 284
376 492
496 20
136 1129
696 586
792 402
183 653
810 787
693 528
96 707
90 638
452 344
986 1127
91 1025
890 454
479 890
144 545
573 1028
323 699
12 321
27 761
425 626
158 155
279 956
736 888
238 976
776 1085
885 258
782 594
351 519
931 35
68 50
425 729
998 292
441 16
18 603
906 1056
350 709
406 687
817 604
173 926
659 384
771 709
51 153
407 630
119 301
58 801
19 451
597 1017
118 812
568 646
787 159
374 864
1025 11
184 129
969 406
1132 853
525 782
445 1109
780 841
45 1036
1097 796
1010 366
588 926
932 207
634 1060
979 461
117 26
797 1033
87 839
134 587
349 567
545 607
164 51
756 483
469 1033
490 605
974 585
136 944
841 2
442 956
671 902
1079 354
675 721
956 20
1028 609
92 9
1 749
358 851
251 947
911 779
677 147
823 1038
656 614
504 503
1117 1066
863 182
444 611
507 421
183 245
888 624
1088 1044
312 1103
189 539
936 232
386 885
709 406
385 254
148 792
221 634
251 32
801 1067
757 108
790 1087
544 84
720 86
890 873
783 930
524 488
960 991
280 1075
466 861
224 67
242 129
866 997
586 921
471 911
565 656
1014 855
313 195
494 483
302 254
1132 930
1077 589
277 45
732 866
357 417
302 889
339 245
647 292
82 56
656 1016
1104 510
978 487
776 367
349 95
690 237
1040 680
68 158
555 90
406 985
107 1064
304 948
147 730
1088 1124
166 1025
776 338
310 960
286 188
1118 1130
532 350
409 876
65 833
695 438
627 195
1071 314
143 20
602 58
241 960
536 53
313 749
782 920
1031 871
1088 500
742 396
630 713
571 787
165 169
465 862
488 1015
802 89
28 354
253 264
1004 177
880 905
651 653
1106 673
110 423
354 513
301 923
460 727
992 251
325 226
644 102
430 439
21 600
724 222
400 41
82 1006
744 510
62 804
32 434
407 5
483 381
867 578
542 634
781 934
171 845
1104 1058
1049 611
585 614
981 975
335 1071
618 585
763 902
642 786
461 1041
931 55
810 404
986 948
255 22
423 221
16 743
792 849
734 949
588 597
520 233
1115 426
131 437
588 1045
1076 104
487 281
263 845
217 960
725 1123
407 180
81 130
483 606
443 661
782 538
190 185
999 1125
108 416
63 1063
613 203
464 308
207 555
563 452
892 967
422 388
130 895
1053 662
1120 966
400 979
848 559
995 986
271 855
759 426
102 977
980 461
766 417
140 30
22 243
552 228
872 551
598 783
905 632
271 1033
1109 13
987 999
643 491
3 872
1027 748
133 232
862 890
43 24
862 54
434 1008
276 690
487 0
816 400
210 276
744 555
1028 539
569 60
877 99
407 796
1048 940
152 906
392 437
652 153
952 279
566 521
784 21
954 204
365 1126
122 845
629 250
154 267
658 610
1100 134
403 482
479 137
252 1130
1019 863
749 35
19 1059
118 23
996 526
254 707
715 756
550 479
660 100
830 240
262 1067
72 374
443 567
859 435
120 341
433 1106
1031 678
1050 239
733 522
398 1018
318 943
657 271
196 44
319 90
1048 676
577 90
330 245
877 1081
134 709
240 857
856 190
479 717
977 641
436 9
47 898
677 876
702 857
746 458
84 227
885 702
1069 497
254 438
98 853
394 504
1103 674
620 760
400 558
979 679
756 19
470 272
482 949
1111 674
430 330
45 244
22 709
301 894
229 349
975 712
92 925
108 15
585 64
908 1
585 589
524 163
960 394
902 641
670 258
1101 947
1035 829
864 242
777 576
1066 428
82 391
66 510
924 443
742 1124
424 527
532 477
450 1076
532 751
819 959
65 808
682 895
541 313
509 1123
278 428
501 572
364 126
431 1
456 550
115 436
550 1050
990 980
105 774
485 713
532 842
506 695
1099 899
468 861
887 455
638 678
603 909
1 993
508 671
560 750
971 370
302 252
79 403
823 188
934 893
781 166
779 283
238 1095
212 131
394 73
1123 680
215 759
784 787
1110 521
695 1100
826 115
866 399
806 153
479 646
937 353
597 412
701 61
613 588
43 1093
31 1112
148 152
11 15
985 121
864 1024
966 211
1029 876
838 874
207 481
517 24
1064 648
1090 1033
322 98
909 343
516 965
138 1020
529 361
259 930
254 502
1063 734
220 155
282 643
122 140
9 1071
442 359
1032 88
126 95
566 943
745 855
775 678
550 811
359 156
591 959
685 371
237 6
197 1096
245 734
765 737
137 946
248 77
192 163
1037 1032
1003 469
273 85
85 515
26 92
326 631
782 944
151 613
151 999
508 622
555 791
668 801
25 520
706 473
571 1091
174 586
179 111
569 103
1000 378
973 1085
903 343
899 950
599 487
25 592
848 587
559 953
716 35
1023 155
33 1106
704 272
514 328
650 313
103 8
831 849
697 795
391 294
277 1127
674 658
365 906
1117 89
69 1000
650 546
153 645
916 487
103 1099
824 715
826 1086
413 353
606 885
1138 74
82 891
826 907
769 784
653 58
614 341
50 405
778 299
70 640
305 126
1035 843
814 367
81 372
86 80
647 423
1070 116
314 572
782 173
44 427
611 831
729 929
17 778
1012 222
551 707
412 452
70 634
888 198
1040 23
696 896
350 470
366 140
526 587
1110 24
745 123
812 332
850 453
160 278
1101 515
32 531
615 11
86 637
316 130
732 749
890 1029
410 1029
841 101
707 477
441 860
980 444
469 262
1088 394
206 338
420 334
734 263
254 193
1032 780
1 1110
1112 57
65 194
715 55
688 736
867 1091
688 626
254 227
842 56
490 179
78 58
345 780
115 927
343 1132
419 1067
169 155
126 997
894 679
762 704
391 907
692 220
215 489
561 504
973 469
660 686
978 280
2 1099
1089 339
48 186
359 118
851 587
114 507
594 1027
679 826
273 1123
1070 434
93 528
830 788
1062 1046
791 1133
845 145
906 128
1114 819
353 840
483 558
1055 341
808 28
241 250
283 5
237 385
86 673
1106 970
571 548
50 475
730 576
844 894
1091 599
256 156
970 834
920 147
11 326
965 11
469 798
1087 40
111 1066
939 198
981 101
268 265
340 694
491 887
269 831
1138 321
679 416
1070 138
980 1119
122 987
958 658
560 980
549 677
396 978
235 802
1123 754
696 728
697 873
464 285
464 988
860 372
428 647
696 666
239 881
907 389
17 881
899 880
47 959
863 146
606 467
164 514
410 660
1025 1112
62 863
18 129
25 827
732 792
542 341
906 761
887 607
978 399
111 1001
646 366
596 870
393 394
119 671
636 271
895 141
389 1062
974 871
1005 818
321 881
233 58
613 1094
14 64
147 115
156 721
459 420
642 617
963 322
209 622
694 1065
223 176
248 619
379 713
953 58
281 162
528 995
91 421
834 837
310 427
831 995
33 628
986 162
212 1105
1101 1079
630 796
492 863
303 514
463 990
560 344
1004 744
615 357
1061 774
307 1137
220 248
915 15
83 302
87 343
435 802
470 38
84 224
157 324
240 796
803 237
949 306
302 360
376 172
89 757
203 970
1056 92
468 428
1102 804
756 238
138 215
1121 736
904 710
325 650
1130 427
552 1015
720 112
1032 414
500 620
605 1046
546 508
780 620
215 300
561 688
17 186
351 79
891 729
674 952
321 967
808 286
338 21
356 198
879 788
145 399
159 966
1060 366
666 768
578 238
474 815
1026 820
331 22
257 61
170 885
620 763
1058 604
402 874
1102 807
1125 91
24 662
819 1089
136 182
252 13
834 215
864 733
388 1072
457 106
86 457
335 276
582 420
112 672
789 550
612 549
467 708
549 7
79 321
1068 514
15 719
782 756
994 1071
171 606
788 759
426 272
646 451
1107 1072
1048 86
23 428
1073 1101
214 195
856 82
768 1106
102 774
1001 951
291 82
129 68
1056 878
844 114
104 751
466 287
326 462
1008 103
963 895
282 1077
35 613
609 145
195 1031
387 238
1123 19
982 962
326 274
596 445
153 872
862 1090
800 598
273 799
1114 188
647 143
1097 709
765 722
904 585
427 309
222 198
399 126
995 349
740 556
125 201
931 278
67 534
895 525
887 568
853 858
50 319
340 140
867 440
641 790
587 337
893 685
954 357
82 898
688 935
347 165
203 37
1041 468
667 1063
237 273
109 198
1012 211
987 575
161 465
1056 355
416 1003
174 502
120 27
985 366
388 683
1066 203
860 604
665 715
60 987
1092 1107
468 581
564 502
1139 155
1029 41
273 718
488 817
324 505
874 619
602 145
557 576
847 359
282 407
536 158
772 576
996 796
292 188
224 373
566 458
818 370
291 697
367 632
260 1128
137 703
659 283
1110 282
726 815
497 307
776 56
127 371
1113 263
338 382
655 16
800 691
958 545
1089 208
884 162
287 650
909 1082
327 1072
661 16
773 1101
615 1056
566 216
134 58
419 211
956 971
932 816
352 129
1043 713
877 1070
397 588
103 669
870 983
99 531
574 85
245 794
1013 195
1064 296
546 1120
508 117
163 1110
502 139
1053 71
808 595
1009 556
370 540
130 463
973 690
725 27
1007 498
1102 228
678 107
894 467
377 867
100 313
531 1072
810 212
225 307
894 546
907 487
914 347
715 222
1064 247
367 842
36 25
449 924
584 651
157 1066
973 384
538 895
267 752
254 1075
700 550
658 223
205 954
866 284
771 528
174 583
610 366
800 923
184 899
695 315
495 267
916 963
962 390
326 30
444 1038
556 290
1093 957
941 291
439 898
375 388
76 576
79 919
231 958
419 386
791 156
533 676
909 1000
125 1050
1015 261
907 463
866 45
587 321
388 1021
271 794
658 816
273 695
596 142
346 791
899 202
652 222
24 348
267 113
756 721
1032 711
59 302
1069 117
42 605
874 900
641 1004
635 1127
836 549
363 954
770 958
126 255
187 978
974 318
917 263
552 67
895 600
156 418
40 786
117 933
444 342
800 77
222 668
656 1102
698 866
450 1052
543 302
101 178
755 892
898 376
1051 1127
429 163
859 755
621 1035
599 370
426 957
253 1090
329 805
97 292
65 361
174 912
566 1012
306 780
484 368
177 778
972 885
535 148
899 979
65 863
791 471
1114 391
1131 338
427 410
990 399
1090 857
584 924
300 1128
1118 1112
70 312
1102 752
0 35
1012 242
4 998
1096 204
136 553
977 967
1019 151
283 297
1098 755
1010 805
13 12
138 20
970 826
763 633
959 1126
874 623
1012 834
246 212
998 870
357 323
460 13
560 1017
263 168
839 596
922 818
200 808
556 211
268 957
1084 853
820 1045
1071 515
980 984
1 1030
436 1036
481 400
809 744
649 13
1138 317
547 1001
354 1124
343 132
1096 491
254 727
751 450
4 282
179 764
357 53
295 324
765 39
721 389
512 477
311 1062
242 1124
230 139
111 820
1114 585
476 234
422 388
745 293
436 426
783 335
438 483
1063 936
612 617
1011 924
46 491
731 388
921 671
1049 361
311 470
589 563
866 539
646 308
238 738
531 266
531 1134
130 247
968 13
270 341
570 965
624 345
867 684
124 694
349 410
410 288
232 530
212 370
1090 370
601 268
664 641
313 854
518 464
808 1122
556 1136
687 528
369 24
985 723
488 928
958 1039
911 1063
415 450
846 212
971 580
464 330
935 416
765 552
361 828
64 961
689 1000
812 457
882 647
531 593
552 85
732 447
780 404
822 866
436 615
863 180
401 1032
962 577
745 1135
1072 349
712 613
66 619
681 1046
175 812
272 224
976 1124
186 743
149 707
307 724
461 860
484 537
926 818
283 1004
550 383
796 619
239 161
1101 616
1029 1054
311 755
567 973
751 484
957 1035
155 938
483 980
64 1057
565 338
353 658
236 674
381 361
218 863
819 781
604 760
380 1063
34 50
211 530
252 467
620 4
408 641
70 1091
301 288
174 1081
978 1116
641 1115
833 50
189 709
1090 480
766 805
893 472
224 562
572 457
942 306
481 511
272 158
376 522
579 732
144 307
969 709
210 25
411 464
860 259
964 1060
412 1056
182 721
599 612
1016 788
672 487
86 739
335 229
1064 437
709 1004
945 153
1102 875
194 391
345 832
488 584
40 872
129 734
670 708
110 464
140 502
971 448
341 629
72 589
425 161
450 221
613 194
694 395
544 70
823 243
654 784
409 885
1104 765
576 469
410 61
341 457
1129 27
156 50
1042 599
51 647
1112 138
54 1002
805 566
482 660
478 195
79 167
148 191
488 496
953 962
679 4
573 53
818 735
313 289
870 745
872 676
3 660
758 1035
1099 199
872 2
572 226
140 463
503 488
748 564
834 125
970 574
389 881
587 905
89 819
461 249
61 913
470 493
696 675
64 901
420 751
959 1014
1047 1062
446 324
16 185
685 215
347 868
713 666
467 365
267 717
618 805
622 793
646 554
217 320
1108 306
486 461
886 704
238 374
333 619
657 129
556 821
658 881
813 924
909 125
706 478
560 741
188 481
135 647
439 52
792 594
948 24
324 251
151 433
398 158
331 751
713 264
424 1022
985 897
785 53
23 705
457 194
910 696
714 885
953 599
279 481
585 162
940 867
186 693
10 468
755 625
585 784
213 596
476 477
989 91
151 183
29 306
476 432
336 148
1111 13
514 469
430 502
222 250
188 91
81 349
1127 291
1103 805
430 992
704 991
752 1114
101 909
359 181
140 792
53 699
904 417
816 746
491 16
298 1093
366 347
560 639
211 974
1012 90
219 755
802 515
532 389
704 753
671 1109
53 1059
561 918
1004 54
361 49
584 615
220 678
1044 1063
304 367
291 25
883 707
428 1080
523 224
1034 784
150 353
27 953
220 424
245 1106
217 454
860 307
154 962
984 889
282 491
75 283
4 2
853 65
678 1006
338 65
278 747
11 608
1064 644
2 478
92 1083
1127 275
196 819
2 946
815 957
148 552
89 94
1029 955
190 774
800 1018
627 796
392 306
461 825
820 1078
713 96
924 1074
33 362
82 1004
81 907
263 244
85 1061
588 406
292 133
358 412
498 552
850 17
499 878
865 1096
4 248
63 1112
513 224
590 287
870 394
494 481
1053 77
869 278
767 966
1028 800
110 1114
461 702
519 974
867 835
110 217
864 663
797 514
852 353
